path_key,source_project,chainage_m,x_svy21,y_svy21,elevation_m_raw,elevation_m_filtered,elevation_m_smooth,gradient_pct,Grade,nearest_road_name,nearest_road_dist_m
luxus_hill_avenue,Luxus Hill Avenue,0.0,32067.243,40280.32,16.988,16.988,16.972,0.417,1.0,LUXUS HILL AVENUE,2.244
luxus_hill_avenue,Luxus Hill Avenue,2.0,32067.6,40278.352,16.972,16.972,16.98,,,LUXUS HILL AVENUE,0.262
luxus_hill_avenue,Luxus Hill Avenue,4.0,32067.957,40276.384,16.972,16.972,16.988,,,LUXUS HILL AVENUE,1.719
luxus_hill_avenue,Luxus Hill Avenue,6.0,32068.314,40274.416,16.955,17.271,17.271,,,LUXUS HILL AVENUE,3.7
luxus_hill_avenue,Luxus Hill Avenue,8.0,32068.671,40272.448,16.988,17.571,17.571,,,LUXUS HILL AVENUE,5.681
luxus_hill_avenue,Luxus Hill Avenue,10.0,32069.028,40270.48,17.105,17.889,17.889,,,LUXUS HILL AVENUE,7.663
luxus_hill_avenue,Luxus Hill Avenue,12.0,32069.385,40268.513,18.038,18.208,18.208,,,LUXUS HILL AVENUE,9.644
luxus_hill_avenue,Luxus Hill Avenue,14.0,32071.126,40268.208,20.58,18.527,18.527,,,LUXUS HILL AVENUE,10.022
luxus_hill_avenue,Luxus Hill Avenue,16.0,32073.126,40268.214,20.588,,18.845,,,LUXUS HILL AVENUE,10.101
luxus_hill_avenue,Luxus Hill Avenue,18.0,32075.126,40268.22,20.522,19.164,19.164,,,LUXUS HILL AVENUE,10.18
luxus_hill_avenue,Luxus Hill Avenue,20.0,32077.126,40268.226,20.563,19.482,19.482,,,LUXUS HILL AVENUE,10.259
luxus_hill_avenue,Luxus Hill Avenue,22.0,32079.126,40268.232,20.597,19.801,19.801,,,LUXUS HILL AVENUE,10.338
luxus_hill_avenue,Luxus Hill Avenue,24.0,32081.126,40268.238,19.766,20.119,19.801,,,LUXUS HILL AVENUE,10.417
luxus_hill_avenue,Luxus Hill Avenue,26.0,32083.126,40268.244,19.898,19.898,19.801,,,LUXUS HILL AVENUE,10.496
luxus_hill_avenue,Luxus Hill Avenue,28.0,32085.126,40268.25,18.541,19.719,19.719,,,LUXUS HILL AVENUE,10.575
luxus_hill_avenue,Luxus Hill Avenue,30.0,32087.126,40268.256,20.016,19.541,19.541,-5.471,1.0,LUXUS HILL AVENUE,10.654
luxus_hill_avenue,Luxus Hill Avenue,32.0,32089.126,40268.262,19.104,19.363,19.363,,,LUXUS HILL AVENUE,10.733
luxus_hill_avenue,Luxus Hill Avenue,34.0,32091.126,40268.268,19.185,19.185,19.363,,,LUXUS HILL AVENUE,10.812
luxus_hill_avenue,Luxus Hill Avenue,36.0,32093.126,40268.274,19.266,19.266,19.363,,,LUXUS HILL AVENUE,10.891
luxus_hill_avenue,Luxus Hill Avenue,38.0,32095.126,40268.28,19.535,19.535,19.451,,,LUXUS HILL AVENUE,10.97
luxus_hill_avenue,Luxus Hill Avenue,40.0,32097.126,40268.286,19.772,19.451,19.535,,,LUXUS HILL AVENUE,11.049
luxus_hill_avenue,Luxus Hill Avenue,42.0,32099.126,40268.293,19.366,19.599,19.599,,,LUXUS HILL AVENUE,11.128
luxus_hill_avenue,Luxus Hill Avenue,44.0,32101.126,40268.299,20.123,19.748,19.748,,,LUXUS HILL AVENUE,11.207
luxus_hill_avenue,Luxus Hill Avenue,46.0,32103.126,40268.305,20.129,20.044,20.044,,,LUXUS HILL AVENUE,11.285
luxus_hill_avenue,Luxus Hill Avenue,48.0,32105.126,40268.311,19.272,20.34,20.34,,,LUXUS HILL AVENUE,11.364
luxus_hill_avenue,Luxus Hill Avenue,50.0,32107.126,40268.317,21.098,20.637,20.637,,,LUXUS HILL AVENUE,11.443
luxus_hill_avenue,Luxus Hill Avenue,52.0,32109.126,40268.323,21.285,20.934,20.934,,,LUXUS HILL AVENUE,11.522
luxus_hill_avenue,Luxus Hill Avenue,54.0,32111.126,40268.329,20.016,21.23,21.12,,,LUXUS HILL AVENUE,11.601
luxus_hill_avenue,Luxus Hill Avenue,56.0,32113.126,40268.335,21.791,21.175,21.12,,,LUXUS HILL AVENUE,11.68
luxus_hill_avenue,Luxus Hill Avenue,58.0,32115.126,40268.341,20.816,21.12,21.12,,,LUXUS HILL AVENUE,11.759
luxus_hill_avenue,Luxus Hill Avenue,60.0,32117.126,40268.347,20.61,21.065,21.12,,,LUXUS HILL AVENUE,11.838
luxus_hill_avenue,Luxus Hill Avenue,62.0,32119.126,40268.353,21.01,21.01,21.12,,,LUXUS HILL AVENUE,11.917
luxus_hill_avenue,Luxus Hill Avenue,64.0,32121.126,40268.359,20.504,21.283,21.283,,,LUXUS HILL AVENUE,11.996
luxus_hill_avenue,Luxus Hill Avenue,66.0,32123.126,40268.365,20.898,21.557,21.557,12.297,2.0,LUXUS HILL AVENUE,12.075
luxus_hill_avenue,Luxus Hill Avenue,68.0,32125.126,40268.371,22.222,21.83,21.83,,,LUXUS HILL AVENUE,12.154
luxus_hill_avenue,Luxus Hill Avenue,70.0,32127.126,40268.377,22.104,22.104,22.104,,,LUXUS HILL AVENUE,12.233
luxus_hill_avenue,Luxus Hill Avenue,72.0,32129.126,40268.383,21.154,22.262,22.262,,,LUXUS HILL AVENUE,12.312
luxus_hill_avenue,Luxus Hill Avenue,74.0,32131.126,40268.389,23.416,22.42,22.42,,,LUXUS HILL AVENUE,12.391
luxus_hill_avenue,Luxus Hill Avenue,76.0,32133.126,40268.395,21.279,22.579,22.579,,,LUXUS HILL AVENUE,12.47
luxus_hill_avenue,Luxus Hill Avenue,78.0,32135.126,40268.401,22.229,22.737,22.737,,,LUXUS HILL AVENUE,12.549
luxus_hill_avenue,Luxus Hill Avenue,80.0,32137.126,40268.407,22.954,22.895,22.895,,,LUXUS HILL AVENUE,12.628
luxus_hill_avenue,Luxus Hill Avenue,82.0,32139.126,40268.414,23.054,23.192,23.192,,,LUXUS HILL AVENUE,12.706
luxus_hill_avenue,Luxus Hill Avenue,84.0,32141.126,40268.42,23.217,23.488,23.488,,,LUXUS HILL AVENUE,12.785
luxus_hill_avenue,Luxus Hill Avenue,86.0,32143.126,40268.426,23.784,23.784,23.784,,,LUXUS HILL AVENUE,12.864
luxus_hill_avenue,Luxus Hill Avenue,88.0,32145.126,40268.432,18.828,23.862,23.784,,,LUXUS HILL AVENUE,12.943
luxus_hill_avenue,Luxus Hill Avenue,90.0,32147.126,40268.438,19.328,23.941,23.784,,,LUXUS HILL AVENUE,13.022
luxus_hill_avenue,Luxus Hill Avenue,92.0,32149.126,40268.444,27.602,23.747,23.747,,,LUXUS HILL AVENUE,13.101
luxus_hill_avenue,Luxus Hill Avenue,94.0,32151.126,40268.45,25.228,23.552,23.747,,,LUXUS HILL AVENUE,13.18
luxus_hill_avenue,Luxus Hill Avenue,96.0,32153.126,40268.456,24.178,23.651,23.747,,,LUXUS HILL AVENUE,13.259
luxus_hill_avenue,Luxus Hill Avenue,98.0,32155.126,40268.462,23.078,23.75,23.75,,,LUXUS HILL AVENUE,13.338
luxus_hill_avenue,Luxus Hill Avenue,100.0,32157.126,40268.468,20.915,23.849,23.849,,,LUXUS HILL AVENUE,13.417
luxus_hill_avenue,Luxus Hill Avenue,102.0,32159.126,40268.474,20.04,23.948,23.948,,,LUXUS HILL AVENUE,13.496
luxus_hill_avenue,Luxus Hill Avenue,104.0,32161.126,40268.48,19.178,24.047,24.047,,,LUXUS HILL AVENUE,13.575
luxus_hill_avenue,Luxus Hill Avenue,106.0,32163.126,40268.486,19.877,24.146,24.146,,,LUXUS HILL AVENUE,13.654
luxus_hill_avenue,Luxus Hill Avenue,108.0,32165.126,40268.492,23.565,24.245,24.245,,,LUXUS HILL AVENUE,13.733
luxus_hill_avenue,Luxus Hill Avenue,110.0,32167.126,40268.498,19.652,24.344,24.344,,,LUXUS HILL AVENUE,13.812
luxus_hill_avenue,Luxus Hill Avenue,112.0,32169.126,40268.504,29.828,24.444,24.444,,,LUXUS HILL AVENUE,13.891
luxus_hill_avenue,Luxus Hill Avenue,114.0,32171.126,40268.51,20.09,24.543,24.543,,,LUXUS HILL AVENUE,13.97
luxus_hill_avenue,Luxus Hill Avenue,116.0,32173.126,40268.516,22.498,24.642,24.642,,,LUXUS HILL AVENUE,14.049
luxus_hill_avenue,Luxus Hill Avenue,118.0,32175.126,40268.522,20.365,24.741,24.741,,,LUXUS HILL AVENUE,14.127
luxus_hill_avenue,Luxus Hill Avenue,120.0,32177.126,40268.529,21.99,24.84,24.84,,,LUXUS HILL AVENUE,14.206
luxus_hill_avenue,Luxus Hill Avenue,122.0,32179.126,40268.535,21.748,24.939,24.939,,,LUXUS HILL AVENUE,14.285
luxus_hill_avenue,Luxus Hill Avenue,124.0,32181.126,40268.541,22.737,25.038,25.038,,,LUXUS HILL AVENUE,14.364
luxus_hill_avenue,Luxus Hill Avenue,126.0,32183.125,40268.547,26.043,25.137,25.137,,,LUXUS HILL AVENUE,14.443
luxus_hill_avenue,Luxus Hill Avenue,128.0,32185.125,40268.553,25.236,25.236,25.236,,,LUXUS HILL AVENUE,14.522
luxus_hill_avenue,Luxus Hill Avenue,130.0,32187.125,40268.559,18.502,25.45,25.379,,,LUXUS HILL AVENUE,14.601
luxus_hill_avenue,Luxus Hill Avenue,132.0,32189.125,40268.565,25.153,25.663,25.379,,,LUXUS HILL AVENUE,14.68
luxus_hill_avenue,Luxus Hill Avenue,134.0,32191.125,40268.571,23.852,25.379,25.379,,,LUXUS HILL AVENUE,14.759
luxus_hill_avenue,Luxus Hill Avenue,136.0,32193.125,40268.577,30.952,25.094,25.094,,,LUXUS HILL AVENUE,14.838
luxus_hill_avenue,Luxus Hill Avenue,138.0,32195.125,40268.583,30.903,24.63,24.63,,,LUXUS HILL AVENUE,14.917
luxus_hill_avenue,Luxus Hill Avenue,140.0,32197.125,40268.589,27.502,24.165,24.165,,,LUXUS HILL AVENUE,14.996
luxus_hill_avenue,Luxus Hill Avenue,142.0,32199.125,40268.595,25.419,23.701,23.701,,,LUXUS HILL AVENUE,15.075
luxus_hill_avenue,Luxus Hill Avenue,144.0,32201.125,40268.601,27.49,,23.236,,,LUXUS HILL AVENUE,15.154
luxus_hill_avenue,Luxus Hill Avenue,146.0,32203.125,40268.607,27.452,,22.772,,,LUXUS HILL AVENUE,15.233
luxus_hill_avenue,Luxus Hill Avenue,148.0,32205.125,40268.613,20.028,,22.307,,,LUXUS HILL AVENUE,15.312
luxus_hill_avenue,Luxus Hill Avenue,150.0,32207.125,40268.619,22.09,21.843,21.843,,,LUXUS HILL AVENUE,15.391
luxus_hill_avenue,Luxus Hill Avenue,152.0,32209.125,40268.625,18.79,21.378,21.378,,,LUXUS HILL AVENUE,15.469
luxus_hill_avenue,Luxus Hill Avenue,154.0,32211.125,40268.631,19.178,20.914,20.914,,,LUXUS HILL AVENUE,15.548
luxus_hill_avenue,Luxus Hill Avenue,156.0,32213.125,40268.637,23.428,20.449,20.449,,,LUXUS HILL AVENUE,15.627
luxus_hill_avenue,Luxus Hill Avenue,158.0,32215.125,40268.643,22.752,20.357,20.357,,,LUXUS HILL AVENUE,15.706
luxus_hill_avenue,Luxus Hill Avenue,160.0,32217.125,40268.65,19.952,20.265,20.357,,,LUXUS HILL AVENUE,15.785
luxus_hill_avenue,Luxus Hill Avenue,162.0,32219.125,40268.656,24.002,20.173,20.357,,,LUXUS HILL AVENUE,15.864
luxus_hill_avenue,Luxus Hill Avenue,164.0,32221.125,40268.662,20.178,20.461,20.461,,,LUXUS HILL AVENUE,15.943
luxus_hill_avenue,Luxus Hill Avenue,166.0,32223.125,40268.668,19.803,20.749,20.749,,,LUXUS HILL AVENUE,16.022
luxus_hill_avenue,Luxus Hill Avenue,168.0,32225.125,40268.674,25.303,21.038,20.856,,,LUXUS HILL AVENUE,16.101
luxus_hill_avenue,Luxus Hill Avenue,170.0,32227.125,40268.68,19.99,20.947,20.856,,,LUXUS HILL AVENUE,16.18
luxus_hill_avenue,Luxus Hill Avenue,172.0,32229.125,40268.686,19.852,20.856,20.856,,,LUXUS HILL AVENUE,16.259
luxus_hill_avenue,Luxus Hill Avenue,174.0,32231.125,40268.692,23.852,20.765,20.765,,,LUXUS HILL AVENUE,16.338
luxus_hill_avenue,Luxus Hill Avenue,176.0,32233.125,40268.698,23.815,20.674,20.674,,,LUXUS HILL AVENUE,16.417
luxus_hill_avenue,Luxus Hill Avenue,178.0,32235.125,40268.704,18.815,20.583,20.583,,,LUXUS HILL AVENUE,16.496
luxus_hill_avenue,Luxus Hill Avenue,180.0,32237.125,40268.71,29.99,20.493,20.493,,,LUXUS HILL AVENUE,16.575
luxus_hill_avenue,Luxus Hill Avenue,182.0,32239.125,40268.716,30.053,20.402,20.402,,,LUXUS HILL AVENUE,16.654
luxus_hill_avenue,Luxus Hill Avenue,184.0,32241.125,40268.722,24.778,20.311,20.311,,,LUXUS HILL AVENUE,16.733
luxus_hill_avenue,Luxus Hill Avenue,186.0,32243.125,40268.728,30.053,20.22,20.22,,,LUXUS HILL AVENUE,16.812
luxus_hill_avenue,Luxus Hill Avenue,188.0,32245.125,40268.734,30.102,20.129,20.129,,,LUXUS HILL AVENUE,16.89
luxus_hill_avenue,Luxus Hill Avenue,190.0,32247.125,40268.74,22.452,20.038,20.038,,,LUXUS HILL AVENUE,16.969
luxus_hill_avenue,Luxus Hill Avenue,192.0,32249.125,40268.746,18.228,19.948,19.948,,,LUXUS HILL AVENUE,17.048
luxus_hill_avenue,Luxus Hill Avenue,194.0,32251.125,40268.752,20.502,19.857,19.857,,,LUXUS HILL AVENUE,17.127
luxus_hill_avenue,Luxus Hill Avenue,196.0,32253.125,40268.758,22.403,19.766,19.766,,,LUXUS HILL AVENUE,17.206
luxus_hill_avenue,Luxus Hill Avenue,198.0,32255.125,40268.765,19.502,19.675,19.675,,,LUXUS HILL AVENUE,17.285
luxus_hill_avenue,Luxus Hill Avenue,200.0,32257.125,40268.771,27.202,19.584,19.584,,,LUXUS HILL AVENUE,17.364
luxus_hill_avenue,Luxus Hill Avenue,202.0,32259.125,40268.777,19.127,19.493,19.584,,,LUXUS HILL AVENUE,17.443
luxus_hill_avenue,Luxus Hill Avenue,204.0,32261.125,40268.783,26.352,19.402,19.493,,,LUXUS HILL AVENUE,17.522
luxus_hill_avenue,Luxus Hill Avenue,206.0,32263.125,40268.789,19.678,19.678,19.493,,,LUXUS HILL AVENUE,17.601
luxus_hill_avenue,Luxus Hill Avenue,208.0,32265.125,40268.795,19.415,19.415,19.669,,,LUXUS HILL AVENUE,17.68
luxus_hill_avenue,Luxus Hill Avenue,210.0,32267.125,40268.801,23.252,19.669,19.678,,,LUXUS HILL AVENUE,17.759
luxus_hill_avenue,Luxus Hill Avenue,212.0,32269.125,40268.807,19.502,19.923,19.923,,,LUXUS HILL AVENUE,17.838
luxus_hill_avenue,Luxus Hill Avenue,214.0,32271.125,40268.813,29.678,20.355,20.355,,,LUXUS HILL AVENUE,17.917
luxus_hill_avenue,Luxus Hill Avenue,216.0,32273.125,40268.819,18.49,20.786,20.786,,,LUXUS HILL AVENUE,17.996
luxus_hill_avenue,Luxus Hill Avenue,218.0,32275.125,40268.825,19.59,21.217,21.217,,,LUXUS HILL AVENUE,18.075
luxus_hill_avenue,Luxus Hill Avenue,220.0,32277.125,40268.831,19.553,,21.648,,,LUXUS HILL AVENUE,18.154
luxus_hill_avenue,Luxus Hill Avenue,222.0,32279.125,40268.837,25.803,22.08,22.08,,,LUXUS HILL AVENUE,18.232
luxus_hill_avenue,Luxus Hill Avenue,224.0,32281.125,40268.843,18.44,22.511,22.511,,,LUXUS HILL AVENUE,18.311
luxus_hill_avenue,Luxus Hill Avenue,226.0,32283.125,40268.849,21.161,22.942,22.942,,,LUXUS HILL AVENUE,18.39
luxus_hill_avenue,Luxus Hill Avenue,228.0,32285.125,40268.855,25.786,23.373,23.373,,,LUXUS HILL AVENUE,18.469
luxus_hill_avenue,Luxus Hill Avenue,230.0,32287.125,40268.861,29.453,23.483,23.382,,,LUXUS HILL AVENUE,18.548
luxus_hill_avenue,Luxus Hill Avenue,232.0,32289.125,40268.867,24.353,23.593,23.382,,,LUXUS HILL AVENUE,18.627
luxus_hill_avenue,Luxus Hill Avenue,234.0,32291.125,40268.873,22.611,23.382,23.382,,,LUXUS HILL AVENUE,18.706
luxus_hill_avenue,Luxus Hill Avenue,236.0,32293.125,40268.879,18.915,23.17,23.17,,,LUXUS HILL AVENUE,18.785
luxus_hill_avenue,Luxus Hill Avenue,238.0,32295.125,40268.886,25.402,22.959,22.959,,,LUXUS HILL AVENUE,18.864
luxus_hill_avenue,Luxus Hill Avenue,240.0,32297.125,40268.892,28.902,22.747,22.747,,,LUXUS HILL AVENUE,18.943
luxus_hill_avenue,Luxus Hill Avenue,242.0,32299.125,40268.898,29.252,22.536,22.536,,,LUXUS HILL AVENUE,19.022
luxus_hill_avenue,Luxus Hill Avenue,244.0,32301.125,40268.904,29.215,22.325,22.325,,,LUXUS HILL AVENUE,19.101
luxus_hill_avenue,Luxus Hill Avenue,246.0,32303.125,40268.91,22.311,22.113,22.113,,,LUXUS HILL AVENUE,19.18
luxus_hill_avenue,Luxus Hill Avenue,248.0,32305.125,40268.916,21.686,21.902,21.902,,,LUXUS HILL AVENUE,19.259
luxus_hill_avenue,Luxus Hill Avenue,250.0,32307.125,40268.922,25.719,21.69,21.711,,,LUXUS HILL AVENUE,19.338
luxus_hill_avenue,Luxus Hill Avenue,252.0,32309.125,40268.928,21.694,21.694,21.711,,,LUXUS HILL AVENUE,19.417
luxus_hill_avenue,Luxus Hill Avenue,254.0,32311.125,40268.934,21.711,21.711,21.711,0.729,1.0,LUXUS HILL AVENUE,19.496
luxus_hill_avenue,Luxus Hill Avenue,256.0,32313.125,40268.94,21.719,21.719,21.719,0.729,1.0,LUXUS HILL AVENUE,19.575
luxus_hill_avenue,Luxus Hill Avenue,258.0,32315.125,40268.946,18.602,21.953,21.769,0.729,1.0,LUXUS HILL AVENUE,19.653
luxus_hill_avenue,Luxus Hill Avenue,260.0,32317.125,40268.952,22.186,21.861,21.769,0.365,1.0,LUXUS HILL AVENUE,19.732
luxus_hill_avenue,Luxus Hill Avenue,262.0,32319.125,40268.958,23.803,21.769,21.769,0.0,1.0,LUXUS HILL AVENUE,19.811
luxus_hill_avenue,Luxus Hill Avenue,264.0,32321.125,40268.964,21.353,21.688,21.769,2.161,1.0,LUXUS HILL AVENUE,19.89
luxus_hill_avenue,Luxus Hill Avenue,266.0,32323.125,40268.97,24.403,21.607,21.769,4.323,1.0,LUXUS HILL AVENUE,19.969
luxus_hill_avenue,Luxus Hill Avenue,268.0,32325.125,40268.976,18.528,21.861,21.861,4.323,1.0,LUXUS HILL AVENUE,20.048
luxus_hill_avenue,Luxus Hill Avenue,270.0,32327.125,40268.982,18.536,22.115,22.115,4.323,1.0,LUXUS HILL AVENUE,20.127
luxus_hill_avenue,Luxus Hill Avenue,272.0,32329.125,40268.988,22.369,22.369,22.115,2.917,1.0,LUXUS HILL AVENUE,20.206
luxus_hill_avenue,Luxus Hill Avenue,274.0,32331.125,40268.994,25.869,22.232,22.115,-1.979,1.0,LUXUS HILL AVENUE,20.285
luxus_hill_avenue,Luxus Hill Avenue,276.0,32333.125,40269.001,25.853,22.094,22.094,-3.698,1.0,LUXUS HILL AVENUE,20.364
luxus_hill_avenue,Luxus Hill Avenue,278.0,32335.125,40269.007,18.903,21.957,21.957,-5.417,1.0,LUXUS HILL AVENUE,20.443
luxus_hill_avenue,Luxus Hill Avenue,280.0,32337.125,40269.013,28.428,21.819,21.819,-6.875,1.0,LUXUS HILL AVENUE,20.522
luxus_hill_avenue,Luxus Hill Avenue,282.0,32339.125,40269.019,21.528,21.682,21.682,-6.469,1.0,LUXUS HILL AVENUE,20.601
luxus_hill_avenue,Luxus Hill Avenue,284.0,32341.125,40269.025,21.544,21.544,21.544,-6.063,1.0,LUXUS HILL AVENUE,20.68
luxus_hill_avenue,Luxus Hill Avenue,286.0,32343.125,40269.031,28.502,21.439,21.439,-5.656,1.0,LUXUS HILL AVENUE,20.759
luxus_hill_avenue,Luxus Hill Avenue,288.0,32345.125,40269.037,28.502,21.334,21.334,-5.25,1.0,LUXUS HILL AVENUE,20.838
luxus_hill_avenue,Luxus Hill Avenue,290.0,32347.125,40269.043,18.202,21.229,21.229,-5.25,1.0,LUXUS HILL AVENUE,20.917
luxus_hill_avenue,Luxus Hill Avenue,292.0,32349.125,40269.049,20.494,21.124,21.124,-5.25,1.0,LUXUS HILL AVENUE,20.995
luxus_hill_avenue,Luxus Hill Avenue,294.0,32351.125,40269.055,20.653,21.019,21.019,-5.25,1.0,LUXUS HILL AVENUE,21.074
luxus_hill_avenue,Luxus Hill Avenue,296.0,32353.125,40269.061,22.553,20.914,20.914,-5.25,1.0,LUXUS HILL AVENUE,21.153
luxus_hill_avenue,Luxus Hill Avenue,298.0,32355.125,40269.067,25.494,20.809,20.809,,,LUXUS HILL AVENUE,21.232
luxus_hill_avenue,Luxus Hill Avenue,300.0,32357.125,40269.073,24.778,20.704,20.704,,,LUXUS HILL AVENUE,21.311
luxus_hill_avenue,Luxus Hill Avenue,302.0,32359.125,40269.079,18.469,20.42,20.42,,,LUXUS HILL AVENUE,21.39
luxus_hill_avenue,Luxus Hill Avenue,304.0,32361.125,40269.085,20.494,20.136,20.136,,,LUXUS HILL AVENUE,21.469
luxus_hill_avenue,Luxus Hill Avenue,306.0,32363.125,40269.091,18.286,19.826,19.826,,,LUXUS HILL AVENUE,21.548
luxus_hill_avenue,Luxus Hill Avenue,308.0,32365.125,40269.097,18.603,19.517,19.517,,,LUXUS HILL AVENUE,21.627
luxus_hill_avenue,Luxus Hill Avenue,310.0,32367.125,40269.103,22.953,19.207,19.207,,,LUXUS HILL AVENUE,21.706
luxus_hill_avenue,Luxus Hill Avenue,312.0,32369.125,40269.109,18.253,,18.898,,,LUXUS HILL AVENUE,21.785
luxus_hill_avenue,Luxus Hill Avenue,314.0,32371.125,40269.115,16.936,,18.589,,,LUXUS HILL AVENUE,21.864
luxus_hill_avenue,Luxus Hill Avenue,316.0,32373.125,40269.122,17.494,18.279,18.279,,,LUXUS HILL AVENUE,21.943
luxus_hill_avenue,Luxus Hill Avenue,318.0,32375.125,40269.128,21.094,17.97,17.97,,,LUXUS HILL AVENUE,22.022
luxus_hill_avenue,Luxus Hill Avenue,320.0,32377.125,40269.134,21.003,17.661,17.661,,,LUXUS HILL AVENUE,22.101
luxus_hill_avenue,Luxus Hill Avenue,322.0,32379.125,40269.14,16.94,17.351,17.578,,,LUXUS HILL AVENUE,22.18
luxus_hill_avenue,Luxus Hill Avenue,324.0,32381.125,40269.146,17.578,17.578,17.352,,,LUXUS HILL AVENUE,22.259
luxus_hill_avenue,Luxus Hill Avenue,326.0,32383.125,40269.152,17.678,17.352,17.351,,,LUXUS HILL AVENUE,22.338
luxus_hill_avenue,Luxus Hill Avenue,328.0,32385.125,40269.158,18.303,17.128,17.128,-7.265,1.0,LUXUS HILL AVENUE,22.416
luxus_hill_avenue,Luxus Hill Avenue,330.0,32387.125,40269.164,16.778,16.903,16.903,,,LUXUS HILL AVENUE,22.495
luxus_hill_avenue,Luxus Hill Avenue,332.0,32389.125,40269.17,16.678,16.678,16.771,,,LUXUS HILL AVENUE,22.574
luxus_hill_avenue,Luxus Hill Avenue,334.0,32391.125,40269.176,16.578,16.578,16.771,,,LUXUS HILL AVENUE,22.653
luxus_hill_avenue,Luxus Hill Avenue,336.0,32393.125,40269.182,17.528,16.771,16.771,,,LUXUS HILL AVENUE,22.732
luxus_hill_avenue,Luxus Hill Avenue,338.0,32395.125,40269.188,16.852,16.965,16.965,6.017,1.0,LUXUS HILL AVENUE,22.811
luxus_hill_avenue,Luxus Hill Avenue,340.0,32397.125,40269.194,17.402,17.159,17.159,,,LUXUS HILL AVENUE,22.89
luxus_hill_avenue,Luxus Hill Avenue,342.0,32399.125,40269.2,27.553,17.353,17.253,,,LUXUS HILL AVENUE,22.969
luxus_hill_avenue,Luxus Hill Avenue,344.0,32401.124,40269.206,27.553,17.303,17.253,,,LUXUS HILL AVENUE,23.048
luxus_hill_avenue,Luxus Hill Avenue,346.0,32403.124,40269.212,27.553,17.253,17.253,-1.249,1.0,LUXUS HILL AVENUE,23.127
luxus_hill_avenue,Luxus Hill Avenue,348.0,32405.124,40269.218,17.19,17.203,17.203,-3.332,1.0,LUXUS HILL AVENUE,23.206
luxus_hill_avenue,Luxus Hill Avenue,350.0,32407.124,40269.224,17.153,17.153,17.153,,,LUXUS HILL AVENUE,23.285
luxus_hill_avenue,Luxus Hill Avenue,352.0,32409.124,40269.23,16.986,16.986,16.986,,,LUXUS HILL AVENUE,23.364
luxus_hill_avenue,Luxus Hill Avenue,354.0,32411.124,40269.236,18.811,16.774,16.774,,,LUXUS HILL AVENUE,23.443
luxus_hill_avenue,Luxus Hill Avenue,356.0,32413.124,40269.243,18.501,16.563,16.564,,,LUXUS HILL AVENUE,23.522
luxus_hill_avenue,Luxus Hill Avenue,358.0,32415.124,40269.249,16.351,16.351,16.564,,,LUXUS HILL AVENUE,23.601
luxus_hill_avenue,Luxus Hill Avenue,360.0,32417.124,40269.255,16.564,16.564,16.563,-2.5,1.0,LUXUS HILL AVENUE,23.68
luxus_hill_avenue,Luxus Hill Avenue,362.0,32419.124,40269.261,16.62,16.62,16.364,-3.575,1.0,LUXUS HILL AVENUE,23.758
luxus_hill_avenue,Luxus Hill Avenue,364.0,32421.124,40269.267,16.364,16.364,16.364,-4.65,1.0,LUXUS HILL AVENUE,23.837
luxus_hill_avenue,Luxus Hill Avenue,366.0,32423.124,40269.273,16.045,16.191,16.191,-2.16,1.0,LUXUS HILL AVENUE,23.916
luxus_hill_avenue,Luxus Hill Avenue,368.0,32425.124,40269.279,16.018,16.018,16.191,-1.004,1.0,LUXUS HILL AVENUE,23.995
luxus_hill_avenue,Luxus Hill Avenue,370.0,32427.124,40269.285,18.676,16.151,16.191,,,LUXUS HILL AVENUE,24.074
luxus_hill_avenue,Luxus Hill Avenue,372.0,32429.124,40269.291,16.283,16.283,16.283,,,LUXUS HILL AVENUE,24.153
luxus_hill_avenue,Luxus Hill Avenue,374.0,32431.124,40269.297,16.467,16.467,16.467,,,LUXUS HILL AVENUE,24.232
luxus_hill_avenue,Luxus Hill Avenue,376.0,32433.124,40269.303,16.5,16.664,16.664,,,LUXUS HILL AVENUE,24.311
luxus_hill_avenue,Luxus Hill Avenue,378.0,32435.124,40269.309,19.95,16.862,16.862,,,LUXUS HILL AVENUE,24.39
luxus_hill_avenue,Luxus Hill Avenue,380.0,32437.124,40269.315,16.362,17.059,16.874,,,LUXUS HILL AVENUE,24.469
luxus_hill_avenue,Luxus Hill Avenue,382.0,32439.124,40269.321,16.237,16.966,16.874,,,LUXUS HILL AVENUE,24.548
luxus_hill_avenue,Luxus Hill Avenue,384.0,32441.124,40269.327,19.705,16.874,16.874,,,LUXUS HILL AVENUE,24.627
luxus_hill_avenue,Luxus Hill Avenue,386.0,32443.124,40269.333,21.123,16.781,16.781,,,LUXUS HILL AVENUE,24.706
luxus_hill_avenue,Luxus Hill Avenue,388.0,32445.124,40269.339,20.292,16.688,16.688,,,LUXUS HILL AVENUE,24.785
luxus_hill_avenue,Luxus Hill Avenue,390.0,32447.124,40269.345,20.529,16.595,16.595,,,LUXUS HILL AVENUE,24.864
luxus_hill_avenue,Luxus Hill Avenue,392.0,32449.124,40269.351,19.86,,16.502,,,LUXUS HILL AVENUE,24.943
luxus_hill_avenue,Luxus Hill Avenue,394.0,32451.124,40269.358,19.698,,16.409,,,LUXUS HILL AVENUE,25.022
luxus_hill_avenue,Luxus Hill Avenue,396.0,32453.124,40269.364,19.404,,16.317,,,LUXUS HILL AVENUE,25.101
luxus_hill_avenue,Luxus Hill Avenue,398.0,32455.124,40269.37,18.923,16.224,16.224,,,LUXUS HILL AVENUE,25.179
luxus_hill_avenue,Luxus Hill Avenue,400.0,32457.124,40269.376,21.362,16.131,16.131,,,LUXUS HILL AVENUE,25.258
luxus_hill_avenue,Luxus Hill Avenue,402.0,32459.124,40269.382,22.473,16.038,16.038,,,LUXUS HILL AVENUE,25.337
luxus_hill_avenue,Luxus Hill Avenue,436.0,32472.419,40283.94,15.243,15.945,15.945,,,LUXUS HILL AVENUE,11.357
luxus_hill_avenue,Luxus Hill Avenue,438.0,32470.947,40285.295,15.818,15.853,15.853,,,LUXUS HILL AVENUE,9.941
luxus_hill_avenue,Luxus Hill Avenue,440.0,32469.476,40286.649,14.618,15.76,15.76,,,LUXUS HILL AVENUE,8.525
luxus_hill_avenue,Luxus Hill Avenue,442.0,32468.004,40288.004,15.093,15.455,15.455,,,LUXUS HILL AVENUE,7.11
luxus_hill_avenue,Luxus Hill Avenue,444.0,32466.533,40289.358,14.762,15.149,15.149,,,LUXUS HILL AVENUE,5.694
luxus_hill_avenue,Luxus Hill Avenue,446.0,32465.061,40290.713,13.849,14.739,14.739,,,LUXUS HILL AVENUE,4.278
luxus_hill_avenue,Luxus Hill Avenue,448.0,32463.59,40292.067,13.163,14.328,14.328,,,LUXUS HILL AVENUE,2.862
luxus_hill_avenue,Luxus Hill Avenue,450.0,32462.118,40293.422,13.03,13.918,13.918,,,LUXUS HILL AVENUE,1.446
luxus_hill_avenue,Luxus Hill Avenue,452.0,32460.647,40294.776,13.08,13.507,13.507,,,LUXUS HILL AVENUE,0.031
luxus_hill_avenue,Luxus Hill Avenue,454.0,32458.78,40294.998,13.096,13.096,13.13,,,LUXUS HILL AVENUE,0.27
luxus_hill_avenue,Luxus Hill Avenue,456.0,32456.785,40294.854,13.113,13.113,13.13,,,LUXUS HILL AVENUE,0.211
luxus_hill_avenue,Luxus Hill Avenue,458.0,32454.79,40294.71,13.13,13.13,13.13,,,LUXUS HILL AVENUE,0.153
luxus_hill_avenue,Luxus Hill Avenue,460.0,32452.795,40294.567,13.13,13.375,13.375,,,LUXUS HILL AVENUE,0.094
luxus_hill_avenue,Luxus Hill Avenue,462.0,32450.8,40294.423,14.096,13.621,13.448,,,LUXUS HILL AVENUE,0.035
luxus_hill_avenue,Luxus Hill Avenue,464.0,32448.8,40294.428,14.113,13.535,13.448,,,LUXUS HILL AVENUE,0.125
luxus_hill_avenue,Luxus Hill Avenue,466.0,32446.8,40294.438,14.013,13.448,13.448,,,LUXUS HILL AVENUE,0.22
luxus_hill_avenue,Luxus Hill Avenue,468.0,32444.8,40294.448,14.03,13.361,13.361,,,LUXUS HILL AVENUE,0.315
luxus_hill_avenue,Luxus Hill Avenue,470.0,32442.8,40294.458,13.275,13.275,13.361,,,LUXUS HILL AVENUE,0.41
luxus_hill_avenue,Luxus Hill Avenue,472.0,32440.801,40294.468,13.325,13.325,13.361,,,LUXUS HILL AVENUE,0.505
luxus_hill_avenue,Luxus Hill Avenue,474.0,32438.805,40294.356,13.325,13.51,13.51,,,LUXUS HILL AVENUE,0.478
luxus_hill_avenue,Luxus Hill Avenue,476.0,32436.81,40294.21,13.375,13.696,13.696,,,LUXUS HILL AVENUE,0.417
luxus_hill_avenue,Luxus Hill Avenue,478.0,32434.815,40294.064,13.425,13.987,13.987,,,LUXUS HILL AVENUE,0.356
luxus_hill_avenue,Luxus Hill Avenue,480.0,32432.821,40293.919,13.475,14.278,14.278,,,LUXUS HILL AVENUE,0.295
luxus_hill_avenue,Luxus Hill Avenue,482.0,32430.826,40293.773,15.208,14.568,14.568,,,LUXUS HILL AVENUE,0.234
luxus_hill_avenue,Luxus Hill Avenue,484.0,32428.829,40293.661,15.183,14.859,14.859,,,LUXUS HILL AVENUE,0.207
luxus_hill_avenue,Luxus Hill Avenue,486.0,32426.831,40293.575,15.15,15.15,14.957,,,LUXUS HILL AVENUE,0.207
luxus_hill_avenue,Luxus Hill Avenue,488.0,32424.833,40293.49,15.167,15.167,14.957,,,LUXUS HILL AVENUE,0.206
luxus_hill_avenue,Luxus Hill Avenue,490.0,32422.835,40293.405,13.633,14.957,14.957,,,LUXUS HILL AVENUE,0.206
luxus_hill_avenue,Luxus Hill Avenue,492.0,32420.837,40293.319,14.476,14.748,14.748,,,LUXUS HILL AVENUE,0.206
luxus_hill_avenue,Luxus Hill Avenue,494.0,32418.842,40293.18,14.539,14.449,14.449,,,LUXUS HILL AVENUE,0.151
luxus_hill_avenue,Luxus Hill Avenue,496.0,32416.847,40293.035,14.551,14.15,14.239,,,LUXUS HILL AVENUE,0.091
luxus_hill_avenue,Luxus Hill Avenue,498.0,32414.852,40292.891,13.761,13.972,14.239,,,LUXUS HILL AVENUE,0.032
luxus_hill_avenue,Luxus Hill Avenue,500.0,32412.857,40292.746,13.794,14.239,14.239,,,LUXUS HILL AVENUE,0.028
luxus_hill_avenue,Luxus Hill Avenue,502.0,32410.863,40292.601,13.828,14.506,14.506,,,LUXUS HILL AVENUE,0.088
luxus_hill_avenue,Luxus Hill Avenue,504.0,32408.866,40292.48,13.861,14.772,14.772,,,LUXUS HILL AVENUE,0.124
luxus_hill_avenue,Luxus Hill Avenue,506.0,32406.868,40292.402,15.819,14.901,14.798,,,LUXUS HILL AVENUE,0.117
luxus_hill_avenue,Luxus Hill Avenue,508.0,32404.87,40292.324,16.128,15.029,14.798,,,LUXUS HILL AVENUE,0.11
luxus_hill_avenue,Luxus Hill Avenue,510.0,32402.871,40292.246,16.136,14.798,14.798,,,LUXUS HILL AVENUE,0.103
luxus_hill_avenue,Luxus Hill Avenue,512.0,32400.873,40292.168,16.169,14.566,14.566,,,LUXUS HILL AVENUE,0.096
luxus_hill_avenue,Luxus Hill Avenue,514.0,32398.874,40292.091,14.052,14.334,14.334,,,LUXUS HILL AVENUE,0.089
luxus_hill_avenue,Luxus Hill Avenue,516.0,32396.876,40292.002,14.102,14.102,14.152,,,LUXUS HILL AVENUE,0.092
luxus_hill_avenue,Luxus Hill Avenue,518.0,32394.878,40291.906,14.152,14.152,14.152,,,LUXUS HILL AVENUE,0.104
luxus_hill_avenue,Luxus Hill Avenue,520.0,32392.881,40291.809,14.152,14.152,14.152,0.625,1.0,LUXUS HILL AVENUE,0.115
luxus_hill_avenue,Luxus Hill Avenue,522.0,32390.883,40291.713,14.202,14.202,14.202,1.25,1.0,LUXUS HILL AVENUE,0.126
luxus_hill_avenue,Luxus Hill Avenue,524.0,32388.885,40291.617,14.202,14.202,14.202,1.25,1.0,LUXUS HILL AVENUE,0.137
luxus_hill_avenue,Luxus Hill Avenue,526.0,32386.887,40291.525,14.253,14.253,14.253,1.25,1.0,LUXUS HILL AVENUE,0.144
luxus_hill_avenue,Luxus Hill Avenue,528.0,32384.889,40291.44,14.253,14.253,14.253,2.5,1.0,LUXUS HILL AVENUE,0.144
luxus_hill_avenue,Luxus Hill Avenue,530.0,32382.891,40291.355,14.302,14.302,14.302,2.5,1.0,LUXUS HILL AVENUE,0.144
luxus_hill_avenue,Luxus Hill Avenue,532.0,32380.893,40291.27,14.402,14.402,14.402,2.5,1.0,LUXUS HILL AVENUE,0.145
luxus_hill_avenue,Luxus Hill Avenue,534.0,32378.895,40291.185,14.452,14.452,14.452,1.875,1.0,LUXUS HILL AVENUE,0.145
luxus_hill_avenue,Luxus Hill Avenue,536.0,32376.896,40291.1,14.452,14.452,14.452,1.25,1.0,LUXUS HILL AVENUE,0.145
luxus_hill_avenue,Luxus Hill Avenue,538.0,32374.898,40291.015,14.452,14.452,14.452,0.625,1.0,LUXUS HILL AVENUE,0.145
luxus_hill_avenue,Luxus Hill Avenue,540.0,32372.9,40290.929,14.503,14.503,14.503,1.25,1.0,LUXUS HILL AVENUE,0.145
luxus_hill_avenue,Luxus Hill Avenue,542.0,32370.902,40290.844,14.503,14.503,14.503,1.25,1.0,LUXUS HILL AVENUE,0.145
luxus_hill_avenue,Luxus Hill Avenue,544.0,32368.904,40290.759,14.552,14.552,14.552,1.25,1.0,LUXUS HILL AVENUE,0.145
luxus_hill_avenue,Luxus Hill Avenue,546.0,32366.906,40290.674,14.552,14.552,14.552,1.875,1.0,LUXUS HILL AVENUE,0.146
luxus_hill_avenue,Luxus Hill Avenue,548.0,32364.907,40290.588,14.602,14.602,14.602,1.25,1.0,LUXUS HILL AVENUE,0.146
luxus_hill_avenue,Luxus Hill Avenue,550.0,32362.909,40290.496,14.652,14.652,14.652,1.875,1.0,LUXUS HILL AVENUE,0.153
luxus_hill_avenue,Luxus Hill Avenue,552.0,32360.912,40290.405,14.652,14.652,14.652,1.25,1.0,LUXUS HILL AVENUE,0.16
luxus_hill_avenue,Luxus Hill Avenue,554.0,32358.914,40290.313,14.702,14.702,14.702,1.25,1.0,LUXUS HILL AVENUE,0.167
luxus_hill_avenue,Luxus Hill Avenue,556.0,32356.916,40290.221,14.702,14.702,14.702,1.875,1.0,LUXUS HILL AVENUE,0.174
luxus_hill_avenue,Luxus Hill Avenue,558.0,32354.918,40290.129,14.752,14.752,14.752,1.562,1.0,LUXUS HILL AVENUE,0.181
luxus_hill_avenue,Luxus Hill Avenue,560.0,32352.921,40290.025,14.802,14.802,14.802,1.875,1.0,LUXUS HILL AVENUE,0.2
luxus_hill_avenue,Luxus Hill Avenue,562.0,32350.924,40289.917,14.828,14.828,14.828,1.875,1.0,LUXUS HILL AVENUE,0.222
luxus_hill_avenue,Luxus Hill Avenue,564.0,32348.926,40289.81,14.852,14.852,14.852,1.25,1.0,LUXUS HILL AVENUE,0.245
luxus_hill_avenue,Luxus Hill Avenue,566.0,32346.929,40289.702,14.902,14.902,14.902,1.562,1.0,LUXUS HILL AVENUE,0.267
luxus_hill_avenue,Luxus Hill Avenue,568.0,32344.932,40289.595,14.902,14.902,14.902,1.875,1.0,LUXUS HILL AVENUE,0.29
luxus_hill_avenue,Luxus Hill Avenue,570.0,32342.935,40289.488,14.952,14.952,14.952,1.562,1.0,LUXUS HILL AVENUE,0.312
luxus_hill_avenue,Luxus Hill Avenue,572.0,32340.937,40289.4,15.002,15.002,15.002,1.875,1.0,LUXUS HILL AVENUE,0.315
luxus_hill_avenue,Luxus Hill Avenue,574.0,32338.939,40289.319,15.028,15.028,15.028,1.562,1.0,LUXUS HILL AVENUE,0.311
luxus_hill_avenue,Luxus Hill Avenue,576.0,32336.94,40289.239,15.052,15.052,15.052,1.25,1.0,LUXUS HILL AVENUE,0.306
luxus_hill_avenue,Luxus Hill Avenue,578.0,32334.942,40289.158,15.078,15.078,15.078,1.562,1.0,LUXUS HILL AVENUE,0.302
luxus_hill_avenue,Luxus Hill Avenue,580.0,32332.944,40289.078,15.102,15.102,15.102,1.25,1.0,LUXUS HILL AVENUE,0.297
luxus_hill_avenue,Luxus Hill Avenue,582.0,32330.945,40289.013,15.152,15.152,15.152,1.562,1.0,LUXUS HILL AVENUE,0.277
luxus_hill_avenue,Luxus Hill Avenue,584.0,32328.945,40288.967,15.152,15.152,15.152,1.875,1.0,LUXUS HILL AVENUE,0.238
luxus_hill_avenue,Luxus Hill Avenue,586.0,32326.946,40288.92,15.202,15.202,15.202,1.562,1.0,LUXUS HILL AVENUE,0.199
luxus_hill_avenue,Luxus Hill Avenue,588.0,32324.946,40288.874,15.252,15.252,15.252,1.875,1.0,LUXUS HILL AVENUE,0.161
luxus_hill_avenue,Luxus Hill Avenue,590.0,32322.947,40288.828,15.278,15.278,15.278,1.875,1.0,LUXUS HILL AVENUE,0.122
luxus_hill_avenue,Luxus Hill Avenue,592.0,32320.947,40288.781,15.302,15.302,15.302,1.875,1.0,LUXUS HILL AVENUE,0.083
luxus_hill_avenue,Luxus Hill Avenue,594.0,32318.948,40288.735,15.352,15.352,15.352,2.188,1.0,LUXUS HILL AVENUE,0.045
luxus_hill_avenue,Luxus Hill Avenue,596.0,32316.948,40288.689,15.402,15.402,15.402,1.875,1.0,LUXUS HILL AVENUE,0.006
luxus_hill_avenue,Luxus Hill Avenue,598.0,32314.949,40288.642,15.452,15.452,15.452,1.875,1.0,LUXUS HILL AVENUE,0.033
luxus_hill_avenue,Luxus Hill Avenue,600.0,32312.95,40288.596,15.452,15.452,15.452,1.562,1.0,LUXUS HILL AVENUE,0.071
luxus_hill_avenue,Luxus Hill Avenue,602.0,32310.95,40288.55,15.502,15.502,15.502,1.25,1.0,LUXUS HILL AVENUE,0.11
luxus_hill_avenue,Luxus Hill Avenue,604.0,32308.951,40288.487,15.528,15.528,15.528,1.875,1.0,LUXUS HILL AVENUE,0.132
luxus_hill_avenue,Luxus Hill Avenue,606.0,32306.953,40288.408,15.552,15.552,15.552,1.875,1.0,LUXUS HILL AVENUE,0.139
luxus_hill_avenue,Luxus Hill Avenue,608.0,32304.954,40288.33,15.602,15.602,15.602,1.562,1.0,LUXUS HILL AVENUE,0.145
luxus_hill_avenue,Luxus Hill Avenue,610.0,32302.956,40288.252,15.652,15.652,15.652,1.875,1.0,LUXUS HILL AVENUE,0.152
luxus_hill_avenue,Luxus Hill Avenue,612.0,32300.957,40288.174,15.652,15.652,15.652,1.875,1.0,LUXUS HILL AVENUE,0.159
luxus_hill_avenue,Luxus Hill Avenue,614.0,32298.959,40288.095,15.702,15.702,15.702,1.25,1.0,LUXUS HILL AVENUE,0.166
luxus_hill_avenue,Luxus Hill Avenue,616.0,32296.962,40287.988,15.752,15.752,15.752,1.875,1.0,LUXUS HILL AVENUE,0.143
luxus_hill_avenue,Luxus Hill Avenue,618.0,32294.967,40287.85,15.752,15.752,15.752,1.875,1.0,LUXUS HILL AVENUE,0.09
luxus_hill_avenue,Luxus Hill Avenue,620.0,32292.971,40287.711,15.802,15.802,15.802,1.875,1.0,LUXUS HILL AVENUE,0.036
luxus_hill_avenue,Luxus Hill Avenue,622.0,32290.976,40287.572,15.852,15.852,15.852,1.875,1.0,LUXUS HILL AVENUE,0.018
luxus_hill_avenue,Luxus Hill Avenue,624.0,32288.981,40287.434,15.902,15.902,15.902,1.875,1.0,LUXUS HILL AVENUE,0.072
luxus_hill_avenue,Luxus Hill Avenue,626.0,32286.986,40287.302,15.902,15.902,15.902,1.25,1.0,LUXUS HILL AVENUE,0.118
luxus_hill_avenue,Luxus Hill Avenue,628.0,32284.987,40287.225,15.952,15.952,15.952,1.25,1.0,LUXUS HILL AVENUE,0.111
luxus_hill_avenue,Luxus Hill Avenue,630.0,32282.989,40287.147,15.952,15.952,15.952,1.875,1.0,LUXUS HILL AVENUE,0.103
luxus_hill_avenue,Luxus Hill Avenue,632.0,32280.99,40287.07,16.002,16.002,16.002,1.25,1.0,LUXUS HILL AVENUE,0.096
luxus_hill_avenue,Luxus Hill Avenue,634.0,32278.992,40286.992,16.053,16.053,16.053,1.875,1.0,LUXUS HILL AVENUE,0.088
luxus_hill_avenue,Luxus Hill Avenue,636.0,32276.993,40286.915,16.053,16.053,16.053,1.25,1.0,LUXUS HILL AVENUE,0.081
luxus_hill_avenue,Luxus Hill Avenue,638.0,32274.995,40286.83,16.102,16.102,16.102,1.25,1.0,LUXUS HILL AVENUE,0.08
luxus_hill_avenue,Luxus Hill Avenue,640.0,32272.997,40286.73,16.102,16.102,16.102,1.25,1.0,LUXUS HILL AVENUE,0.096
luxus_hill_avenue,Luxus Hill Avenue,642.0,32271.0,40286.629,16.152,16.152,16.152,1.25,1.0,LUXUS HILL AVENUE,0.112
luxus_hill_avenue,Luxus Hill Avenue,644.0,32269.004,40286.51,16.152,16.152,16.152,1.25,1.0,LUXUS HILL AVENUE,0.146
luxus_hill_avenue,Luxus Hill Avenue,646.0,32267.01,40286.349,16.202,16.202,16.202,1.25,1.0,LUXUS HILL AVENUE,0.222
luxus_hill_avenue,Luxus Hill Avenue,648.0,32265.017,40286.189,16.303,16.303,16.202,1.562,1.0,LUXUS HILL AVENUE,0.297
luxus_hill_avenue,Luxus Hill Avenue,650.0,32263.023,40286.028,16.202,16.202,16.252,0.937,1.0,LUXUS HILL AVENUE,0.373
luxus_hill_avenue,Luxus Hill Avenue,652.0,32261.029,40285.867,16.252,16.252,16.278,1.25,1.0,LUXUS HILL AVENUE,0.449
luxus_hill_avenue,Luxus Hill Avenue,654.0,32259.036,40285.707,16.278,16.278,16.278,0.938,1.0,LUXUS HILL AVENUE,0.524
luxus_hill_avenue,Luxus Hill Avenue,656.0,32257.042,40285.546,16.303,16.303,16.303,0.625,1.0,LUXUS HILL AVENUE,0.6
luxus_hill_avenue,Luxus Hill Avenue,658.0,32255.049,40285.386,16.328,16.328,16.328,0.937,1.0,LUXUS HILL AVENUE,0.676
luxus_hill_avenue,Luxus Hill Avenue,660.0,32253.055,40285.225,16.328,16.328,16.328,0.625,1.0,LUXUS HILL AVENUE,0.752
luxus_hill_avenue,Luxus Hill Avenue,662.0,32251.062,40285.064,16.352,16.352,16.352,0.937,1.0,LUXUS HILL AVENUE,0.827
luxus_hill_avenue,Luxus Hill Avenue,664.0,32249.068,40284.904,16.352,16.352,16.352,0.937,1.0,LUXUS HILL AVENUE,0.903
luxus_hill_avenue,Luxus Hill Avenue,666.0,32247.075,40284.743,16.402,16.402,16.402,1.25,1.0,LUXUS HILL AVENUE,0.979
luxus_hill_avenue,Luxus Hill Avenue,668.0,32245.081,40284.583,16.402,16.402,16.402,1.875,1.0,LUXUS HILL AVENUE,1.054
luxus_hill_avenue,Luxus Hill Avenue,670.0,32243.088,40284.422,16.452,16.452,16.452,1.25,1.0,LUXUS HILL AVENUE,1.13
luxus_hill_avenue,Luxus Hill Avenue,672.0,32241.09,40284.348,16.502,16.502,16.502,1.25,1.0,LUXUS HILL AVENUE,1.119
luxus_hill_avenue,Luxus Hill Avenue,674.0,32239.09,40284.302,16.502,16.502,16.502,0.625,1.0,LUXUS HILL AVENUE,1.081
luxus_hill_avenue,Luxus Hill Avenue,676.0,32237.091,40284.255,16.502,16.502,16.502,0.625,1.0,LUXUS HILL AVENUE,1.042
luxus_hill_avenue,Luxus Hill Avenue,678.0,32235.091,40284.209,16.502,16.502,16.502,1.25,1.0,LUXUS HILL AVENUE,1.004
luxus_hill_avenue,Luxus Hill Avenue,680.0,32233.092,40284.162,16.553,16.553,16.553,1.25,1.0,LUXUS HILL AVENUE,0.965
luxus_hill_avenue,Luxus Hill Avenue,682.0,32231.092,40284.134,16.602,16.602,16.602,1.25,1.0,LUXUS HILL AVENUE,0.908
luxus_hill_avenue,Luxus Hill Avenue,684.0,32229.092,40284.127,16.602,16.602,16.602,1.25,1.0,LUXUS HILL AVENUE,0.83
luxus_hill_avenue,Luxus Hill Avenue,686.0,32227.092,40284.12,16.602,16.602,16.602,0.625,1.0,LUXUS HILL AVENUE,0.753
luxus_hill_avenue,Luxus Hill Avenue,688.0,32225.092,40284.113,16.652,16.652,16.652,0.625,1.0,LUXUS HILL AVENUE,0.675
luxus_hill_avenue,Luxus Hill Avenue,690.0,32223.092,40284.105,16.652,16.652,16.652,1.25,1.0,LUXUS HILL AVENUE,0.597
luxus_hill_avenue,Luxus Hill Avenue,692.0,32221.092,40284.098,16.652,16.652,16.652,1.25,1.0,LUXUS HILL AVENUE,0.519
luxus_hill_avenue,Luxus Hill Avenue,694.0,32219.092,40284.102,16.702,16.702,16.702,1.25,1.0,LUXUS HILL AVENUE,0.43
luxus_hill_avenue,Luxus Hill Avenue,696.0,32217.092,40284.121,16.752,16.752,16.752,1.562,1.0,LUXUS HILL AVENUE,0.326
luxus_hill_avenue,Luxus Hill Avenue,698.0,32215.092,40284.14,16.752,16.752,16.752,1.25,1.0,LUXUS HILL AVENUE,0.222
luxus_hill_avenue,Luxus Hill Avenue,700.0,32213.093,40284.125,16.778,16.778,16.778,0.625,1.0,LUXUS HILL AVENUE,0.152
luxus_hill_avenue,Luxus Hill Avenue,702.0,32211.094,40284.054,16.803,16.803,16.803,1.25,1.0,LUXUS HILL AVENUE,0.138
luxus_hill_avenue,Luxus Hill Avenue,704.0,32209.095,40283.983,16.803,16.803,16.803,0.937,1.0,LUXUS HILL AVENUE,0.124
luxus_hill_avenue,Luxus Hill Avenue,706.0,32207.097,40283.912,16.852,16.852,16.852,1.25,1.0,LUXUS HILL AVENUE,0.11
luxus_hill_avenue,Luxus Hill Avenue,708.0,32205.098,40283.841,16.852,16.852,16.852,1.875,1.0,LUXUS HILL AVENUE,0.096
luxus_hill_avenue,Luxus Hill Avenue,710.0,32203.099,40283.77,16.902,16.902,16.902,1.25,1.0,LUXUS HILL AVENUE,0.082
luxus_hill_avenue,Luxus Hill Avenue,712.0,32201.1,40283.699,16.952,16.952,16.952,1.25,1.0,LUXUS HILL AVENUE,0.068
luxus_hill_avenue,Luxus Hill Avenue,714.0,32199.102,40283.628,16.952,16.952,16.952,1.25,1.0,LUXUS HILL AVENUE,0.055
luxus_hill_avenue,Luxus Hill Avenue,716.0,32197.103,40283.557,16.952,16.952,16.952,0.625,1.0,LUXUS HILL AVENUE,0.041
luxus_hill_avenue,Luxus Hill Avenue,718.0,32195.104,40283.486,17.002,17.002,17.002,1.25,1.0,LUXUS HILL AVENUE,0.027
luxus_hill_avenue,Luxus Hill Avenue,720.0,32193.105,40283.415,17.002,17.002,17.002,1.25,1.0,LUXUS HILL AVENUE,0.013
luxus_hill_avenue,Luxus Hill Avenue,722.0,32191.107,40283.344,17.053,17.053,17.053,1.25,1.0,LUXUS HILL AVENUE,0.001
luxus_hill_avenue,Luxus Hill Avenue,724.0,32189.108,40283.273,17.053,17.053,17.053,1.25,1.0,LUXUS HILL AVENUE,0.015
luxus_hill_avenue,Luxus Hill Avenue,726.0,32187.109,40283.202,17.102,17.102,17.102,0.625,1.0,LUXUS HILL AVENUE,0.029
luxus_hill_avenue,Luxus Hill Avenue,728.0,32185.11,40283.151,17.102,17.102,17.102,0.625,1.0,LUXUS HILL AVENUE,0.064
luxus_hill_avenue,Luxus Hill Avenue,730.0,32183.111,40283.102,17.102,17.102,17.102,0.625,1.0,LUXUS HILL AVENUE,0.1
luxus_hill_avenue,Luxus Hill Avenue,732.0,32181.111,40283.054,17.102,17.102,17.102,0.625,1.0,LUXUS HILL AVENUE,0.136
luxus_hill_avenue,Luxus Hill Avenue,734.0,32179.112,40283.005,17.152,17.152,17.152,1.25,1.0,LUXUS HILL AVENUE,0.173
luxus_hill_avenue,Luxus Hill Avenue,736.0,32177.112,40282.956,17.152,17.152,17.152,1.25,1.0,LUXUS HILL AVENUE,0.209
luxus_hill_avenue,Luxus Hill Avenue,738.0,32175.134,40282.69,17.202,17.202,17.202,1.25,1.0,LUXUS HILL AVENUE,0.026
luxus_hill_avenue,Luxus Hill Avenue,740.0,32173.162,40282.356,17.202,17.202,17.202,1.25,1.0,LUXUS HILL AVENUE,0.223
luxus_hill_avenue,Luxus Hill Avenue,742.0,32171.19,40282.022,17.252,17.252,17.252,0.625,1.0,LUXUS HILL AVENUE,0.473
luxus_hill_avenue,Luxus Hill Avenue,744.0,32169.218,40281.688,17.252,17.252,17.252,1.25,1.0,LUXUS HILL AVENUE,0.723
luxus_hill_avenue,Luxus Hill Avenue,746.0,32167.224,40281.557,17.252,17.252,17.252,0.625,1.0,LUXUS HILL AVENUE,0.769
luxus_hill_avenue,Luxus Hill Avenue,748.0,32165.226,40281.448,17.303,17.303,17.303,0.625,1.0,LUXUS HILL AVENUE,0.793
luxus_hill_avenue,Luxus Hill Avenue,750.0,32163.229,40281.339,17.303,17.303,17.303,1.25,1.0,LUXUS HILL AVENUE,0.817
luxus_hill_avenue,Luxus Hill Avenue,752.0,32161.232,40281.23,17.303,17.303,17.303,0.937,1.0,LUXUS HILL AVENUE,0.841
luxus_hill_avenue,Luxus Hill Avenue,754.0,32159.235,40281.121,17.352,17.352,17.352,1.25,1.0,LUXUS HILL AVENUE,0.865
luxus_hill_avenue,Luxus Hill Avenue,756.0,32157.238,40281.012,17.377,17.377,17.377,1.875,1.0,LUXUS HILL AVENUE,0.889
luxus_hill_avenue,Luxus Hill Avenue,758.0,32155.241,40280.903,17.402,17.402,17.402,1.875,1.0,LUXUS HILL AVENUE,0.913
luxus_hill_avenue,Luxus Hill Avenue,760.0,32153.244,40280.794,17.452,17.452,17.452,1.562,1.0,LUXUS HILL AVENUE,0.937
luxus_hill_avenue,Luxus Hill Avenue,762.0,32151.247,40280.685,17.502,17.502,17.502,1.25,1.0,LUXUS HILL AVENUE,0.961
luxus_hill_avenue,Luxus Hill Avenue,764.0,32149.25,40280.576,17.502,17.502,17.502,0.625,1.0,LUXUS HILL AVENUE,0.985
luxus_hill_avenue,Luxus Hill Avenue,766.0,32147.253,40280.467,17.502,17.502,17.502,0.625,1.0,LUXUS HILL AVENUE,1.009
luxus_hill_avenue,Luxus Hill Avenue,768.0,32145.256,40280.358,17.502,17.502,17.502,0.625,1.0,LUXUS HILL AVENUE,1.033
luxus_hill_avenue,Luxus Hill Avenue,770.0,32143.259,40280.249,17.553,17.553,17.553,0.625,1.0,LUXUS HILL AVENUE,1.057
luxus_hill_avenue,Luxus Hill Avenue,772.0,32141.27,40280.041,17.553,17.553,17.553,0.599,1.0,LUXUS HILL AVENUE,1.181
luxus_hill_avenue,Luxus Hill Avenue,774.0,32139.282,40279.825,17.553,17.553,17.553,-0.026,1.0,LUXUS HILL AVENUE,1.312
luxus_hill_avenue,Luxus Hill Avenue,776.0,32137.294,40279.609,17.55,17.55,17.55,-0.026,1.0,LUXUS HILL AVENUE,1.443
luxus_hill_avenue,Luxus Hill Avenue,778.0,32135.305,40279.393,17.55,17.55,17.55,-0.026,1.0,LUXUS HILL AVENUE,1.574
luxus_hill_avenue,Luxus Hill Avenue,780.0,32133.317,40279.178,17.517,17.517,17.55,-0.417,1.0,LUXUS HILL AVENUE,1.705
luxus_hill_avenue,Luxus Hill Avenue,782.0,32131.324,40279.024,17.55,17.55,17.55,-0.417,1.0,LUXUS HILL AVENUE,1.774
luxus_hill_avenue,Luxus Hill Avenue,784.0,32129.326,40278.947,17.55,17.55,17.517,-0.417,1.0,LUXUS HILL AVENUE,1.766
luxus_hill_avenue,Luxus Hill Avenue,786.0,32127.327,40278.869,17.517,17.517,17.517,-1.25,1.0,LUXUS HILL AVENUE,1.759
luxus_hill_avenue,Luxus Hill Avenue,788.0,32125.329,40278.792,17.517,17.517,17.517,-0.833,1.0,LUXUS HILL AVENUE,1.751
luxus_hill_avenue,Luxus Hill Avenue,790.0,32123.33,40278.715,17.45,17.45,17.45,-0.833,1.0,LUXUS HILL AVENUE,1.743
luxus_hill_avenue,Luxus Hill Avenue,792.0,32121.331,40278.638,17.434,17.434,17.45,,,LUXUS HILL AVENUE,1.735
luxus_hill_avenue,Luxus Hill Avenue,794.0,32119.333,40278.575,17.417,17.417,17.45,,,LUXUS HILL AVENUE,1.713
luxus_hill_avenue,Luxus Hill Avenue,796.0,32117.333,40278.568,17.417,17.673,17.673,,,LUXUS HILL AVENUE,1.635
luxus_hill_avenue,Luxus Hill Avenue,798.0,32115.333,40278.561,17.417,17.928,17.928,12.365,2.0,LUXUS HILL AVENUE,1.557
luxus_hill_avenue,Luxus Hill Avenue,800.0,32113.333,40278.554,18.465,18.184,18.184,,,LUXUS HILL AVENUE,1.479
luxus_hill_avenue,Luxus Hill Avenue,802.0,32111.333,40278.547,18.44,18.44,18.44,,,LUXUS HILL AVENUE,1.401
luxus_hill_avenue,Luxus Hill Avenue,804.0,32109.333,40278.54,18.44,18.44,18.44,,,LUXUS HILL AVENUE,1.323
luxus_hill_avenue,Luxus Hill Avenue,806.0,32107.333,40278.533,17.69,18.469,18.469,0.372,1.0,LUXUS HILL AVENUE,1.245
luxus_hill_avenue,Luxus Hill Avenue,808.0,32105.333,40278.526,17.616,18.499,18.469,,,LUXUS HILL AVENUE,1.167
luxus_hill_avenue,Luxus Hill Avenue,810.0,32103.333,40278.519,18.529,18.529,18.469,,,LUXUS HILL AVENUE,1.089
luxus_hill_avenue,Luxus Hill Avenue,812.0,32101.333,40278.512,18.623,18.39,18.39,,,LUXUS HILL AVENUE,1.011
luxus_hill_avenue,Luxus Hill Avenue,814.0,32099.333,40278.505,18.029,18.252,18.252,,,LUXUS HILL AVENUE,0.933
luxus_hill_avenue,Luxus Hill Avenue,816.0,32097.333,40278.524,18.591,17.968,17.968,,,LUXUS HILL AVENUE,0.829
luxus_hill_avenue,Luxus Hill Avenue,818.0,32095.333,40278.565,18.641,17.684,17.684,,,LUXUS HILL AVENUE,0.703
luxus_hill_avenue,Luxus Hill Avenue,820.0,32093.334,40278.606,17.141,17.4,17.4,,,LUXUS HILL AVENUE,0.577
luxus_hill_avenue,Luxus Hill Avenue,822.0,32091.334,40278.647,17.116,17.116,17.116,,,LUXUS HILL AVENUE,0.451
luxus_hill_avenue,Luxus Hill Avenue,824.0,32089.335,40278.688,17.104,17.104,17.104,,,LUXUS HILL AVENUE,0.325
luxus_hill_avenue,Luxus Hill Avenue,826.0,32087.343,40278.824,17.091,17.091,17.091,-0.313,1.0,LUXUS HILL AVENUE,0.105
luxus_hill_avenue,Luxus Hill Avenue,828.0,32085.365,40279.117,17.072,17.072,17.091,,,LUXUS HILL AVENUE,0.272
luxus_hill_avenue,Luxus Hill Avenue,830.0,32083.386,40279.41,17.055,17.055,17.091,,,LUXUS HILL AVENUE,0.649
luxus_hill_avenue,Luxus Hill Avenue,832.0,32081.408,40279.703,18.688,17.322,17.322,7.045,1.0,LUXUS HILL AVENUE,1.026
luxus_hill_avenue,Luxus Hill Avenue,834.0,32079.43,40279.997,18.672,17.588,17.588,7.045,1.0,LUXUS HILL AVENUE,1.403
luxus_hill_avenue,Luxus Hill Avenue,836.0,32077.451,40280.29,17.855,17.855,17.655,,,LUXUS HILL AVENUE,1.78
luxus_hill_avenue,Luxus Hill Avenue,838.0,32077.957,40280.423,17.855,17.855,17.655,,,LUXUS HILL AVENUE,1.892
luxus_hill_avenue,Luxus Hill Avenue,840.0,32079.957,40280.461,18.646,17.655,17.655,-1.332,1.0,LUXUS HILL AVENUE,1.844
luxus_hill_avenue,Luxus Hill Avenue,842.0,32081.957,40280.498,17.372,17.455,17.548,,,LUXUS HILL AVENUE,1.797
luxus_hill_avenue,Luxus Hill Avenue,844.0,32083.956,40280.536,17.255,17.255,17.548,,,LUXUS HILL AVENUE,1.749
luxus_hill_avenue,Luxus Hill Avenue,846.0,32085.956,40280.573,17.055,17.548,17.548,,,LUXUS HILL AVENUE,1.702
luxus_hill_avenue,Luxus Hill Avenue,848.0,32087.956,40280.611,17.116,17.842,17.842,11.005,2.0,LUXUS HILL AVENUE,1.654
luxus_hill_avenue,Luxus Hill Avenue,850.0,32089.954,40280.581,17.122,18.135,18.135,,,LUXUS HILL AVENUE,1.54
luxus_hill_avenue,Luxus Hill Avenue,852.0,32091.953,40280.499,18.429,18.429,18.429,,,LUXUS HILL AVENUE,1.372
luxus_hill_avenue,Luxus Hill Avenue,854.0,32093.951,40280.416,18.566,18.566,18.566,,,LUXUS HILL AVENUE,1.205
luxus_hill_avenue,Luxus Hill Avenue,856.0,32095.95,40280.382,18.629,18.629,18.572,,,LUXUS HILL AVENUE,1.086
luxus_hill_avenue,Luxus Hill Avenue,858.0,32097.949,40280.421,18.572,18.572,18.572,,,LUXUS HILL AVENUE,1.04
luxus_hill_avenue,Luxus Hill Avenue,860.0,32099.949,40280.46,18.029,18.6,18.572,,,LUXUS HILL AVENUE,0.994
luxus_hill_avenue,Luxus Hill Avenue,862.0,32101.949,40280.499,18.641,18.312,18.312,,,LUXUS HILL AVENUE,0.948
luxus_hill_avenue,Luxus Hill Avenue,864.0,32103.948,40280.538,18.654,18.025,18.025,,,LUXUS HILL AVENUE,0.902
luxus_hill_avenue,Luxus Hill Avenue,866.0,32105.948,40280.577,18.635,17.738,17.738,,,LUXUS HILL AVENUE,0.856
luxus_hill_avenue,Luxus Hill Avenue,868.0,32107.948,40280.616,17.45,17.45,17.484,,,LUXUS HILL AVENUE,0.81
luxus_hill_avenue,Luxus Hill Avenue,870.0,32109.947,40280.655,17.45,17.45,17.484,,,LUXUS HILL AVENUE,0.764
luxus_hill_avenue,Luxus Hill Avenue,872.0,32111.947,40280.694,17.484,17.484,17.45,-0.417,1.0,LUXUS HILL AVENUE,0.718
luxus_hill_avenue,Luxus Hill Avenue,874.0,32113.946,40280.733,17.509,17.509,17.45,-0.417,1.0,LUXUS HILL AVENUE,0.672
luxus_hill_avenue,Luxus Hill Avenue,876.0,32115.946,40280.772,17.417,17.417,17.45,0.0,1.0,LUXUS HILL AVENUE,0.626
luxus_hill_avenue,Luxus Hill Avenue,878.0,32117.946,40280.811,17.417,17.417,17.45,0.417,1.0,LUXUS HILL AVENUE,0.58
luxus_hill_avenue,Luxus Hill Avenue,880.0,32119.945,40280.85,17.45,17.45,17.45,0.833,1.0,LUXUS HILL AVENUE,0.534
luxus_hill_avenue,Luxus Hill Avenue,882.0,32121.945,40280.898,17.609,17.609,17.484,0.833,1.0,LUXUS HILL AVENUE,0.497
luxus_hill_avenue,Luxus Hill Avenue,884.0,32123.942,40280.999,17.484,17.484,17.517,0.833,1.0,LUXUS HILL AVENUE,0.513
luxus_hill_avenue,Luxus Hill Avenue,886.0,32125.94,40281.1,17.517,17.517,17.517,0.625,1.0,LUXUS HILL AVENUE,0.528
luxus_hill_avenue,Luxus Hill Avenue,888.0,32127.937,40281.2,17.659,17.659,17.517,0.417,1.0,LUXUS HILL AVENUE,0.544
luxus_hill_avenue,Luxus Hill Avenue,890.0,32129.934,40281.301,17.517,17.517,17.534,0.417,1.0,LUXUS HILL AVENUE,0.56
luxus_hill_avenue,Luxus Hill Avenue,892.0,32131.932,40281.402,17.534,17.534,17.55,0.417,1.0,LUXUS HILL AVENUE,0.576
luxus_hill_avenue,Luxus Hill Avenue,894.0,32133.929,40281.503,17.55,17.55,17.55,0.208,1.0,LUXUS HILL AVENUE,0.591
luxus_hill_avenue,Luxus Hill Avenue,896.0,32135.927,40281.603,17.55,17.55,17.55,,,LUXUS HILL AVENUE,0.607
luxus_hill_avenue,Luxus Hill Avenue,898.0,32137.924,40281.704,17.55,17.55,17.55,,,LUXUS HILL AVENUE,0.623
luxus_hill_avenue,Luxus Hill Avenue,900.0,32139.922,40281.805,18.834,17.534,17.534,-0.599,1.0,LUXUS HILL AVENUE,0.639
luxus_hill_avenue,Luxus Hill Avenue,902.0,32141.919,40281.906,17.553,17.518,17.518,-0.599,1.0,LUXUS HILL AVENUE,0.655
luxus_hill_avenue,Luxus Hill Avenue,904.0,32143.917,40282.006,17.502,17.502,17.502,,,LUXUS HILL AVENUE,0.67
luxus_hill_avenue,Luxus Hill Avenue,906.0,32145.914,40282.107,17.502,17.502,17.502,,,LUXUS HILL AVENUE,0.686
luxus_hill_avenue,Luxus Hill Avenue,908.0,32147.912,40282.208,17.502,17.502,17.502,-0.312,1.0,LUXUS HILL AVENUE,0.702
luxus_hill_avenue,Luxus Hill Avenue,910.0,32149.909,40282.308,17.502,17.502,17.502,-0.625,1.0,LUXUS HILL AVENUE,0.718
luxus_hill_avenue,Luxus Hill Avenue,912.0,32151.907,40282.409,17.478,17.478,17.478,-1.25,1.0,LUXUS HILL AVENUE,0.733
luxus_hill_avenue,Luxus Hill Avenue,914.0,32153.904,40282.51,17.452,17.452,17.452,-1.875,1.0,LUXUS HILL AVENUE,0.749
luxus_hill_avenue,Luxus Hill Avenue,916.0,32155.901,40282.611,17.402,17.402,17.402,-2.187,1.0,LUXUS HILL AVENUE,0.765
luxus_hill_avenue,Luxus Hill Avenue,918.0,32157.899,40282.711,17.352,17.352,17.352,-1.875,1.0,LUXUS HILL AVENUE,0.781
luxus_hill_avenue,Luxus Hill Avenue,920.0,32159.896,40282.812,17.303,17.303,17.303,-1.25,1.0,LUXUS HILL AVENUE,0.796
luxus_hill_avenue,Luxus Hill Avenue,922.0,32161.894,40282.913,17.303,17.303,17.303,-1.25,1.0,LUXUS HILL AVENUE,0.812
luxus_hill_avenue,Luxus Hill Avenue,924.0,32163.891,40283.014,17.303,17.303,17.303,-0.625,1.0,LUXUS HILL AVENUE,0.828
luxus_hill_avenue,Luxus Hill Avenue,926.0,32165.889,40283.114,17.252,17.252,17.252,-0.625,1.0,LUXUS HILL AVENUE,0.844
luxus_hill_avenue,Luxus Hill Avenue,928.0,32167.886,40283.215,17.252,17.252,17.252,-1.25,1.0,LUXUS HILL AVENUE,0.86
luxus_hill_avenue,Luxus Hill Avenue,930.0,32169.884,40283.316,17.252,17.252,17.252,-0.625,1.0,LUXUS HILL AVENUE,0.875
luxus_hill_avenue,Luxus Hill Avenue,932.0,32171.881,40283.417,17.202,17.202,17.202,-0.937,1.0,LUXUS HILL AVENUE,0.891
luxus_hill_avenue,Luxus Hill Avenue,934.0,32173.879,40283.517,17.202,17.202,17.202,-1.25,1.0,LUXUS HILL AVENUE,0.907
luxus_hill_avenue,Luxus Hill Avenue,936.0,32175.876,40283.618,17.178,17.178,17.178,-0.625,1.0,LUXUS HILL AVENUE,0.923
luxus_hill_avenue,Luxus Hill Avenue,938.0,32177.874,40283.719,17.152,17.152,17.152,-1.25,1.0,LUXUS HILL AVENUE,0.938
luxus_hill_avenue,Luxus Hill Avenue,940.0,32179.871,40283.82,17.152,17.152,17.152,-0.938,1.0,LUXUS HILL AVENUE,0.954
luxus_hill_avenue,Luxus Hill Avenue,942.0,32181.868,40283.92,17.102,17.102,17.102,-0.625,1.0,LUXUS HILL AVENUE,0.97
luxus_hill_avenue,Luxus Hill Avenue,944.0,32183.866,40284.021,17.102,17.102,17.102,-1.25,1.0,LUXUS HILL AVENUE,0.986
luxus_hill_avenue,Luxus Hill Avenue,946.0,32185.863,40284.122,17.102,17.102,17.102,-0.625,1.0,LUXUS HILL AVENUE,1.001
luxus_hill_avenue,Luxus Hill Avenue,948.0,32187.861,40284.223,17.053,17.053,17.053,-0.625,1.0,LUXUS HILL AVENUE,1.017
luxus_hill_avenue,Luxus Hill Avenue,950.0,32189.858,40284.323,17.053,17.053,17.053,-1.25,1.0,LUXUS HILL AVENUE,1.033
luxus_hill_avenue,Luxus Hill Avenue,952.0,32191.856,40284.424,17.053,17.053,17.053,-0.625,1.0,LUXUS HILL AVENUE,1.049
luxus_hill_avenue,Luxus Hill Avenue,954.0,32193.853,40284.525,17.002,17.002,17.002,-1.25,1.0,LUXUS HILL AVENUE,1.065
luxus_hill_avenue,Luxus Hill Avenue,956.0,32195.851,40284.625,17.002,17.002,17.002,-1.25,1.0,LUXUS HILL AVENUE,1.08
luxus_hill_avenue,Luxus Hill Avenue,958.0,32197.848,40284.726,16.952,16.952,16.952,-1.25,1.0,LUXUS HILL AVENUE,1.096
luxus_hill_avenue,Luxus Hill Avenue,960.0,32199.846,40284.827,16.952,16.952,16.952,-1.25,1.0,LUXUS HILL AVENUE,1.112
luxus_hill_avenue,Luxus Hill Avenue,962.0,32201.843,40284.928,16.902,16.902,16.902,-1.25,1.0,LUXUS HILL AVENUE,1.128
luxus_hill_avenue,Luxus Hill Avenue,964.0,32203.841,40285.028,16.902,16.902,16.902,-1.875,1.0,LUXUS HILL AVENUE,1.143
luxus_hill_avenue,Luxus Hill Avenue,966.0,32205.838,40285.129,16.852,16.852,16.852,-1.25,1.0,LUXUS HILL AVENUE,1.159
luxus_hill_avenue,Luxus Hill Avenue,968.0,32207.835,40285.23,16.803,16.803,16.803,-1.25,1.0,LUXUS HILL AVENUE,1.175
luxus_hill_avenue,Luxus Hill Avenue,970.0,32209.833,40285.331,16.803,16.803,16.803,-1.25,1.0,LUXUS HILL AVENUE,1.191
luxus_hill_avenue,Luxus Hill Avenue,972.0,32211.83,40285.431,16.803,16.803,16.803,-0.625,1.0,LUXUS HILL AVENUE,1.206
luxus_hill_avenue,Luxus Hill Avenue,974.0,32213.828,40285.532,16.752,16.752,16.752,-1.25,1.0,LUXUS HILL AVENUE,1.222
luxus_hill_avenue,Luxus Hill Avenue,976.0,32215.825,40285.633,16.752,16.752,16.752,-1.25,1.0,LUXUS HILL AVENUE,1.238
luxus_hill_avenue,Luxus Hill Avenue,978.0,32217.823,40285.734,16.702,16.702,16.702,-1.25,1.0,LUXUS HILL AVENUE,1.254
luxus_hill_avenue,Luxus Hill Avenue,980.0,32219.82,40285.834,16.702,16.702,16.702,-1.25,1.0,LUXUS HILL AVENUE,1.27
luxus_hill_avenue,Luxus Hill Avenue,982.0,32221.818,40285.935,16.652,16.652,16.652,-0.625,1.0,LUXUS HILL AVENUE,1.285
luxus_hill_avenue,Luxus Hill Avenue,984.0,32223.815,40286.036,16.652,16.652,16.652,-1.25,1.0,LUXUS HILL AVENUE,1.301
luxus_hill_avenue,Luxus Hill Avenue,986.0,32225.813,40286.137,16.652,16.652,16.652,-0.625,1.0,LUXUS HILL AVENUE,1.317
luxus_hill_avenue,Luxus Hill Avenue,988.0,32227.81,40286.237,16.602,16.602,16.602,-1.25,1.0,LUXUS HILL AVENUE,1.333
luxus_hill_avenue,Luxus Hill Avenue,990.0,32229.808,40286.338,16.602,16.602,16.602,-1.25,1.0,LUXUS HILL AVENUE,1.348
luxus_hill_avenue,Luxus Hill Avenue,992.0,32231.805,40286.439,16.553,16.553,16.553,-0.625,1.0,LUXUS HILL AVENUE,1.364
luxus_hill_avenue,Luxus Hill Avenue,994.0,32233.802,40286.54,16.553,16.553,16.553,-1.25,1.0,LUXUS HILL AVENUE,1.38
luxus_hill_avenue,Luxus Hill Avenue,996.0,32235.8,40286.64,16.553,16.553,16.553,-0.625,1.0,LUXUS HILL AVENUE,1.396
luxus_hill_avenue,Luxus Hill Avenue,998.0,32237.797,40286.741,16.502,16.502,16.502,-1.25,1.0,LUXUS HILL AVENUE,1.411
luxus_hill_avenue,Luxus Hill Avenue,1000.0,32239.795,40286.842,16.502,16.502,16.502,-1.562,1.0,LUXUS HILL AVENUE,1.427
luxus_hill_avenue,Luxus Hill Avenue,1002.0,32241.792,40286.942,16.452,16.452,16.452,-1.25,1.0,LUXUS HILL AVENUE,1.443
luxus_hill_avenue,Luxus Hill Avenue,1004.0,32243.79,40287.043,16.428,16.428,16.428,-1.25,1.0,LUXUS HILL AVENUE,1.459
luxus_hill_avenue,Luxus Hill Avenue,1006.0,32245.787,40287.144,16.402,16.402,16.402,-1.25,1.0,LUXUS HILL AVENUE,1.474
luxus_hill_avenue,Luxus Hill Avenue,1008.0,32247.785,40287.245,16.402,16.402,16.402,-0.938,1.0,LUXUS HILL AVENUE,1.49
luxus_hill_avenue,Luxus Hill Avenue,1010.0,32249.782,40287.345,16.352,16.352,16.352,-0.937,1.0,LUXUS HILL AVENUE,1.506
luxus_hill_avenue,Luxus Hill Avenue,1012.0,32251.78,40287.446,16.352,16.352,16.352,-1.25,1.0,LUXUS HILL AVENUE,1.522
luxus_hill_avenue,Luxus Hill Avenue,1014.0,32253.777,40287.547,16.328,16.328,16.328,-0.625,1.0,LUXUS HILL AVENUE,1.538
luxus_hill_avenue,Luxus Hill Avenue,1016.0,32255.775,40287.648,16.303,16.303,16.303,-1.25,1.0,LUXUS HILL AVENUE,1.553
luxus_hill_avenue,Luxus Hill Avenue,1018.0,32257.772,40287.748,16.303,16.303,16.303,-0.938,1.0,LUXUS HILL AVENUE,1.569
luxus_hill_avenue,Luxus Hill Avenue,1020.0,32259.769,40287.849,16.252,16.252,16.252,-0.625,1.0,LUXUS HILL AVENUE,1.585
luxus_hill_avenue,Luxus Hill Avenue,1022.0,32261.767,40287.95,16.228,16.228,16.252,-0.938,1.0,LUXUS HILL AVENUE,1.601
luxus_hill_avenue,Luxus Hill Avenue,1024.0,32263.764,40288.051,16.252,16.252,16.252,-1.25,1.0,LUXUS HILL AVENUE,1.616
luxus_hill_avenue,Luxus Hill Avenue,1026.0,32265.762,40288.151,16.303,16.303,16.228,-1.25,1.0,LUXUS HILL AVENUE,1.632
luxus_hill_avenue,Luxus Hill Avenue,1028.0,32267.759,40288.252,16.152,16.152,16.152,-1.875,1.0,LUXUS HILL AVENUE,1.648
luxus_hill_avenue,Luxus Hill Avenue,1030.0,32269.757,40288.353,16.152,16.152,16.152,-1.562,1.0,LUXUS HILL AVENUE,1.664
luxus_hill_avenue,Luxus Hill Avenue,1032.0,32271.754,40288.454,16.102,16.102,16.102,-1.25,1.0,LUXUS HILL AVENUE,1.679
luxus_hill_avenue,Luxus Hill Avenue,1034.0,32273.752,40288.554,16.102,16.102,16.102,-1.25,1.0,LUXUS HILL AVENUE,1.695
luxus_hill_avenue,Luxus Hill Avenue,1036.0,32275.749,40288.655,16.053,16.053,16.053,-1.25,1.0,LUXUS HILL AVENUE,1.711
luxus_hill_avenue,Luxus Hill Avenue,1038.0,32277.747,40288.756,16.053,16.053,16.053,-1.562,1.0,LUXUS HILL AVENUE,1.727
luxus_hill_avenue,Luxus Hill Avenue,1040.0,32279.744,40288.857,16.002,16.002,16.002,-1.25,1.0,LUXUS HILL AVENUE,1.743
luxus_hill_avenue,Luxus Hill Avenue,1042.0,32281.742,40288.957,15.978,15.978,15.978,-1.875,1.0,LUXUS HILL AVENUE,1.758
luxus_hill_avenue,Luxus Hill Avenue,1044.0,32283.739,40289.058,15.952,15.952,15.952,-1.25,1.0,LUXUS HILL AVENUE,1.774
luxus_hill_avenue,Luxus Hill Avenue,1046.0,32285.736,40289.159,15.902,15.902,15.902,-1.25,1.0,LUXUS HILL AVENUE,1.79
luxus_hill_avenue,Luxus Hill Avenue,1048.0,32287.734,40289.259,15.902,15.902,15.902,-1.25,1.0,LUXUS HILL AVENUE,1.806
luxus_hill_avenue,Luxus Hill Avenue,1050.0,32289.731,40289.36,15.878,15.878,15.878,-1.25,1.0,LUXUS HILL AVENUE,1.821
luxus_hill_avenue,Luxus Hill Avenue,1052.0,32291.729,40289.461,15.852,15.852,15.852,-1.875,1.0,LUXUS HILL AVENUE,1.837
luxus_hill_avenue,Luxus Hill Avenue,1054.0,32293.726,40289.562,15.802,15.802,15.802,-2.187,1.0,LUXUS HILL AVENUE,1.853
luxus_hill_avenue,Luxus Hill Avenue,1056.0,32295.724,40289.662,15.752,15.752,15.752,-1.875,1.0,LUXUS HILL AVENUE,1.869
luxus_hill_avenue,Luxus Hill Avenue,1058.0,32297.721,40289.763,15.702,15.702,15.702,-1.875,1.0,LUXUS HILL AVENUE,1.884
luxus_hill_avenue,Luxus Hill Avenue,1060.0,32299.719,40289.864,15.702,15.702,15.702,-1.875,1.0,LUXUS HILL AVENUE,1.9
luxus_hill_avenue,Luxus Hill Avenue,1062.0,32301.716,40289.965,15.652,15.652,15.652,-1.562,1.0,LUXUS HILL AVENUE,1.916
luxus_hill_avenue,Luxus Hill Avenue,1064.0,32303.714,40290.065,15.602,15.602,15.602,-1.875,1.0,LUXUS HILL AVENUE,1.932
luxus_hill_avenue,Luxus Hill Avenue,1066.0,32305.711,40290.166,15.578,15.578,15.578,-1.875,1.0,LUXUS HILL AVENUE,1.948
luxus_hill_avenue,Luxus Hill Avenue,1068.0,32307.709,40290.267,15.552,15.552,15.552,-1.562,1.0,LUXUS HILL AVENUE,1.963
luxus_hill_avenue,Luxus Hill Avenue,1070.0,32309.706,40290.368,15.502,15.502,15.502,-1.562,1.0,LUXUS HILL AVENUE,1.979
luxus_hill_avenue,Luxus Hill Avenue,1072.0,32311.703,40290.468,15.478,15.478,15.478,-1.875,1.0,LUXUS HILL AVENUE,1.995
luxus_hill_avenue,Luxus Hill Avenue,1074.0,32313.701,40290.569,15.452,15.452,15.452,-1.875,1.0,LUXUS HILL AVENUE,2.011
luxus_hill_avenue,Luxus Hill Avenue,1076.0,32315.698,40290.67,15.402,15.402,15.402,-2.187,1.0,LUXUS HILL AVENUE,2.026
luxus_hill_avenue,Luxus Hill Avenue,1078.0,32317.696,40290.771,15.352,15.352,15.352,-1.875,1.0,LUXUS HILL AVENUE,2.042
luxus_hill_avenue,Luxus Hill Avenue,1080.0,32319.693,40290.871,15.302,15.302,15.302,-1.875,1.0,LUXUS HILL AVENUE,2.058
luxus_hill_avenue,Luxus Hill Avenue,1082.0,32321.691,40290.971,15.302,15.302,15.302,-1.25,1.0,LUXUS HILL AVENUE,2.072
luxus_hill_avenue,Luxus Hill Avenue,1084.0,32323.69,40291.007,15.252,15.252,15.252,-1.25,1.0,LUXUS HILL AVENUE,2.023
luxus_hill_avenue,Luxus Hill Avenue,1086.0,32325.69,40291.043,15.252,15.252,15.252,-1.875,1.0,LUXUS HILL AVENUE,1.975
luxus_hill_avenue,Luxus Hill Avenue,1088.0,32327.69,40291.079,15.202,15.202,15.202,-1.875,1.0,LUXUS HILL AVENUE,1.926
luxus_hill_avenue,Luxus Hill Avenue,1090.0,32329.689,40291.115,15.152,15.152,15.152,-1.875,1.0,LUXUS HILL AVENUE,1.877
luxus_hill_avenue,Luxus Hill Avenue,1092.0,32331.689,40291.152,15.102,15.102,15.102,-1.875,1.0,LUXUS HILL AVENUE,1.828
luxus_hill_avenue,Luxus Hill Avenue,1094.0,32333.689,40291.188,15.102,15.102,15.102,-1.25,1.0,LUXUS HILL AVENUE,1.779
luxus_hill_avenue,Luxus Hill Avenue,1096.0,32335.688,40291.224,15.052,15.052,15.052,-1.25,1.0,LUXUS HILL AVENUE,1.73
luxus_hill_avenue,Luxus Hill Avenue,1098.0,32337.688,40291.26,15.052,15.052,15.052,-1.875,1.0,LUXUS HILL AVENUE,1.682
luxus_hill_avenue,Luxus Hill Avenue,1100.0,32339.688,40291.296,15.002,15.002,15.002,-1.562,1.0,LUXUS HILL AVENUE,1.633
luxus_hill_avenue,Luxus Hill Avenue,1102.0,32341.688,40291.333,14.952,14.952,14.952,-1.875,1.0,LUXUS HILL AVENUE,1.584
luxus_hill_avenue,Luxus Hill Avenue,1104.0,32343.687,40291.369,14.928,14.928,14.928,-1.875,1.0,LUXUS HILL AVENUE,1.535
luxus_hill_avenue,Luxus Hill Avenue,1106.0,32345.687,40291.405,14.902,14.902,14.902,-1.25,1.0,LUXUS HILL AVENUE,1.486
luxus_hill_avenue,Luxus Hill Avenue,1108.0,32347.687,40291.441,14.852,14.852,14.852,-1.562,1.0,LUXUS HILL AVENUE,1.438
luxus_hill_avenue,Luxus Hill Avenue,1110.0,32349.686,40291.454,14.852,14.852,14.852,-1.875,1.0,LUXUS HILL AVENUE,1.365
luxus_hill_avenue,Luxus Hill Avenue,1112.0,32351.686,40291.456,14.802,14.802,14.802,-1.875,1.0,LUXUS HILL AVENUE,1.282
luxus_hill_avenue,Luxus Hill Avenue,1114.0,32353.686,40291.458,14.752,14.752,14.752,-1.875,1.0,LUXUS HILL AVENUE,1.199
luxus_hill_avenue,Luxus Hill Avenue,1116.0,32355.686,40291.46,14.702,14.702,14.702,-1.875,1.0,LUXUS HILL AVENUE,1.116
luxus_hill_avenue,Luxus Hill Avenue,1118.0,32357.686,40291.462,14.702,14.702,14.702,-1.25,1.0,LUXUS HILL AVENUE,1.033
luxus_hill_avenue,Luxus Hill Avenue,1120.0,32359.653,40291.803,14.652,14.652,14.652,-1.25,1.0,LUXUS HILL AVENUE,1.291
luxus_hill_avenue,Luxus Hill Avenue,1122.0,32361.616,40292.186,14.652,14.652,14.652,-1.875,1.0,LUXUS HILL AVENUE,1.59
luxus_hill_avenue,Luxus Hill Avenue,1124.0,32363.58,40292.569,14.602,14.602,14.602,-1.875,1.0,LUXUS HILL AVENUE,1.889
luxus_hill_avenue,Luxus Hill Avenue,1126.0,32365.543,40292.951,14.552,14.552,14.552,-1.875,1.0,LUXUS HILL AVENUE,2.188
luxus_hill_avenue,Luxus Hill Avenue,1128.0,32367.506,40293.334,14.503,14.503,14.503,,,LUXUS HILL AVENUE,2.487
luxus_hill_avenue,Luxus Hill Avenue,1130.0,32369.469,40293.717,14.503,14.503,14.503,,,LUXUS HILL AVENUE,2.786
luxus_hill_avenue,Luxus Hill Avenue,1132.0,32371.432,40294.099,15.802,14.49,14.49,,,LUXUS HILL AVENUE,3.084
luxus_hill_avenue,Luxus Hill Avenue,1134.0,32373.395,40294.482,15.402,14.478,14.478,-0.625,1.0,LUXUS HILL AVENUE,3.383
luxus_hill_avenue,Luxus Hill Avenue,1136.0,32375.358,40294.865,14.452,14.465,14.465,,,LUXUS HILL AVENUE,3.682
luxus_hill_avenue,Luxus Hill Avenue,1138.0,32377.321,40295.247,14.452,14.452,14.452,,,LUXUS HILL AVENUE,3.981
luxus_hill_avenue,Luxus Hill Avenue,1140.0,32379.284,40295.63,14.402,14.402,14.402,,,LUXUS HILL AVENUE,4.28
luxus_hill_avenue,Luxus Hill Avenue,1142.0,32381.247,40296.013,14.402,14.402,14.402,,,LUXUS HILL AVENUE,4.579
luxus_hill_avenue,Luxus Hill Avenue,1144.0,32383.21,40296.395,15.478,14.39,14.39,,,LUXUS HILL AVENUE,4.878
luxus_hill_avenue,Luxus Hill Avenue,1146.0,32385.173,40296.778,15.802,14.378,14.378,-0.469,1.0,LUXUS HILL AVENUE,5.177
luxus_hill_avenue,Luxus Hill Avenue,1148.0,32387.136,40297.161,14.402,14.365,14.365,,,LUXUS HILL AVENUE,5.476
luxus_hill_avenue,Luxus Hill Avenue,1150.0,32389.099,40297.543,14.352,14.352,14.365,,,LUXUS HILL AVENUE,5.774
luxus_hill_avenue,Luxus Hill Avenue,1152.0,32391.062,40297.926,14.253,14.253,14.365,,,LUXUS HILL AVENUE,6.073
luxus_hill_avenue,Luxus Hill Avenue,1154.0,32393.025,40298.309,14.202,14.546,14.546,,,LUXUS HILL AVENUE,6.372
luxus_hill_avenue,Luxus Hill Avenue,1156.0,32394.988,40298.691,14.152,14.839,14.839,,,LUXUS HILL AVENUE,6.671
luxus_hill_avenue,Luxus Hill Avenue,1158.0,32396.951,40299.074,14.39,15.133,15.133,,,LUXUS HILL AVENUE,6.97
luxus_hill_avenue,Luxus Hill Avenue,1160.0,32398.915,40299.456,15.427,15.426,15.426,,,LUXUS HILL AVENUE,7.269
luxus_hill_avenue,Luxus Hill Avenue,1162.0,32400.878,40299.839,17.403,15.719,15.719,,,LUXUS HILL AVENUE,7.568
luxus_hill_avenue,Luxus Hill Avenue,1164.0,32402.841,40300.222,16.011,16.011,15.784,,,LUXUS HILL AVENUE,7.867
luxus_hill_avenue,Luxus Hill Avenue,1166.0,32404.804,40300.604,15.794,15.794,15.784,,,LUXUS HILL AVENUE,8.165
luxus_hill_avenue,Luxus Hill Avenue,1168.0,32406.767,40300.987,14.044,15.784,15.784,,,LUXUS HILL AVENUE,8.464
luxus_hill_avenue,Luxus Hill Avenue,1170.0,32408.73,40301.37,14.394,15.774,15.784,,,LUXUS HILL AVENUE,8.763
luxus_hill_avenue,Luxus Hill Avenue,1172.0,32410.693,40301.752,14.394,15.763,15.784,,,LUXUS HILL AVENUE,9.062
luxus_hill_avenue,Luxus Hill Avenue,1174.0,32412.656,40302.135,15.753,15.979,15.979,,,LUXUS HILL AVENUE,9.361
luxus_hill_avenue,Luxus Hill Avenue,1176.0,32414.619,40302.518,15.401,16.248,16.248,,,LUXUS HILL AVENUE,9.66
luxus_hill_avenue,Luxus Hill Avenue,1178.0,32416.582,40302.9,15.226,16.517,16.517,,,LUXUS HILL AVENUE,9.959
luxus_hill_avenue,Luxus Hill Avenue,1180.0,32418.545,40303.283,17.076,16.781,16.781,,,LUXUS HILL AVENUE,10.258
luxus_hill_avenue,Luxus Hill Avenue,1182.0,32420.508,40303.666,17.164,17.045,17.045,,,LUXUS HILL AVENUE,10.557
luxus_hill_avenue,Luxus Hill Avenue,1184.0,32422.471,40304.048,17.604,17.309,17.309,,,LUXUS HILL AVENUE,10.855
luxus_hill_avenue,Luxus Hill Avenue,1186.0,32424.434,40304.431,16.604,17.455,17.455,,,LUXUS HILL AVENUE,11.154
luxus_hill_avenue,Luxus Hill Avenue,1188.0,32426.397,40304.814,18.434,17.601,17.601,,,LUXUS HILL AVENUE,11.453
luxus_hill_avenue,Luxus Hill Avenue,1190.0,32428.36,40305.196,17.649,17.845,17.845,,,LUXUS HILL AVENUE,11.752
luxus_hill_avenue,Luxus Hill Avenue,1192.0,32430.323,40305.579,18.079,18.14,18.14,,,LUXUS HILL AVENUE,12.051
luxus_hill_avenue,Luxus Hill Avenue,1194.0,32432.286,40305.961,19.929,18.435,18.435,,,LUXUS HILL AVENUE,12.35
luxus_hill_avenue,Luxus Hill Avenue,1196.0,32434.249,40306.344,16.16,18.7,18.7,,,LUXUS HILL AVENUE,12.649
luxus_hill_avenue,Luxus Hill Avenue,1198.0,32436.213,40306.727,17.96,18.964,18.964,,,LUXUS HILL AVENUE,12.948
luxus_hill_avenue,Luxus Hill Avenue,1200.0,32438.176,40307.109,20.047,19.229,19.229,,,LUXUS HILL AVENUE,13.246
luxus_hill_avenue,Luxus Hill Avenue,1202.0,32440.139,40307.492,20.872,19.493,19.493,,,LUXUS HILL AVENUE,13.545
luxus_hill_avenue,Luxus Hill Avenue,1204.0,32442.102,40307.875,15.805,19.758,19.758,,,LUXUS HILL AVENUE,13.844
luxus_hill_avenue,Luxus Hill Avenue,1206.0,32444.065,40308.257,20.221,20.022,19.758,,,LUXUS HILL AVENUE,14.143
luxus_hill_avenue,Luxus Hill Avenue,1208.0,32446.028,40308.64,16.105,19.881,19.758,,,LUXUS HILL AVENUE,14.442
luxus_hill_avenue,Luxus Hill Avenue,1210.0,32447.991,40309.023,15.246,19.669,19.669,,,LUXUS HILL AVENUE,14.741
luxus_hill_avenue,Luxus Hill Avenue,1212.0,32449.954,40309.405,22.313,19.457,19.457,,,LUXUS HILL AVENUE,15.04
luxus_hill_avenue,Luxus Hill Avenue,1214.0,32451.917,40309.788,20.413,19.245,19.245,,,LUXUS HILL AVENUE,15.339
luxus_hill_avenue,Luxus Hill Avenue,1216.0,32453.88,40310.171,18.521,19.033,19.12,,,LUXUS HILL AVENUE,15.638
luxus_hill_avenue,Luxus Hill Avenue,1218.0,32455.843,40310.553,21.405,18.82,19.12,,,LUXUS HILL AVENUE,15.936
luxus_hill_avenue,Luxus Hill Avenue,1220.0,32457.806,40310.936,17.438,19.12,19.12,,,LUXUS HILL AVENUE,16.235
luxus_hill_avenue,Luxus Hill Avenue,1222.0,32459.769,40311.319,16.287,19.419,19.419,4.823,1.0,LUXUS HILL AVENUE,16.534
luxus_hill_avenue,Luxus Hill Avenue,1224.0,32461.732,40311.701,19.718,19.718,19.462,6.43,1.0,LUXUS HILL AVENUE,16.833
luxus_hill_avenue,Luxus Hill Avenue,1226.0,32463.695,40312.084,19.505,19.505,19.505,2.166,1.0,LUXUS HILL AVENUE,17.132
